GoF SOIL__N SOIL__Alpha SOIL__ThetaSat SOIL__ThetaRes SOIL__LateralHydrConductivity SOIL__NormalHydrConductivity 
NA   2.3517764E+00   4.2117071E-02   6.2388381E-01   5.8806254E-02   6.0360343E-01   6.4757709E-01  
NA   2.7045429E+00   4.2117071E-02   6.2388381E-01   5.8806254E-02   6.0360343E-01   6.4757709E-01  
NA   2.3517764E+00   3.5799510E-02   6.2388381E-01   5.8806254E-02   6.0360343E-01   6.4757709E-01  
NA   2.3517764E+00   4.2117071E-02   5.3030124E-01   5.8806254E-02   6.0360343E-01   6.4757709E-01  
NA   2.3517764E+00   4.2117071E-02   6.2388381E-01   4.9985316E-02   6.0360343E-01   6.4757709E-01  
NA   2.3517764E+00   4.2117071E-02   6.2388381E-01   5.8806254E-02   5.1306292E-01   6.4757709E-01  
NA   2.3517764E+00   4.2117071E-02   6.2388381E-01   5.8806254E-02   6.0360343E-01   5.5044053E-01  
 1.5000000E-01   1.4613183E+00   7.9717835E-02   6.9097435E-01   5.7673077E-02   9.4872842E-02   7.8477086E-03  
 1.0000000E-01   1.2421205E+00   7.9717835E-02   6.9097435E-01   5.7673077E-02   9.4872842E-02   7.8477086E-03  
 1.5000000E-01   1.4613183E+00   9.1675510E-02   6.9097435E-01   5.7673077E-02   9.4872842E-02   7.8477086E-03  
 1.3000000E-01   1.4613183E+00   7.9717835E-02   7.9462050E-01   5.7673077E-02   9.4872842E-02   7.8477086E-03  
 1.4000000E-01   1.4613183E+00   7.9717835E-02   6.9097435E-01   6.6324038E-02   9.4872842E-02   7.8477086E-03  
 1.5000000E-01   1.4613183E+00   7.9717835E-02   6.9097435E-01   5.7673077E-02   1.0910377E-01   7.8477086E-03  
 1.5000000E-01   1.4613183E+00   7.9717835E-02   6.9097435E-01   5.7673077E-02   9.4872842E-02   9.0248649E-03  
 2.8000000E-01   1.7229865E+00   3.0523254E-02   5.1203871E-01   5.3173973E-02   9.5479354E-01   2.0533884E-01  
 2.4000000E-01   1.4645385E+00   3.0523254E-02   5.1203871E-01   5.3173973E-02   9.5479354E-01   2.0533884E-01  
 2.8000000E-01   1.7229865E+00   3.5101742E-02   5.1203871E-01   5.3173973E-02   9.5479354E-01   2.0533884E-01  
 2.9000000E-01   1.7229865E+00   3.0523254E-02   4.3523290E-01   5.3173973E-02   9.5479354E-01   2.0533884E-01  
 2.8000000E-01   1.7229865E+00   3.0523254E-02   5.1203871E-01   4.5197877E-02   9.5479354E-01   2.0533884E-01  
 2.8000000E-01   1.7229865E+00   3.0523254E-02   5.1203871E-01   5.3173973E-02   1.0980126E+00   2.0533884E-01  
 2.8000000E-01   1.7229865E+00   3.0523254E-02   5.1203871E-01   5.3173973E-02   9.5479354E-01   2.3613967E-01  
 2.9000000E-01   2.1155566E+00   1.9151093E-02   5.9750403E-01   6.8469559E-02   4.5495519E-01   5.1057076E-01  
 3.1000000E-01   2.4328901E+00   1.9151093E-02   5.9750403E-01   6.8469559E-02   4.5495519E-01   5.1057076E-01  
 3.0000000E-01   2.1155566E+00   2.2023757E-02   5.9750403E-01   6.8469559E-02   4.5495519E-01   5.1057076E-01  
 3.0000000E-01   2.1155566E+00   1.9151093E-02   5.0787842E-01   6.8469559E-02   4.5495519E-01   5.1057076E-01  
 3.0000000E-01   2.1155566E+00   1.9151093E-02   5.9750403E-01   5.8199125E-02   4.5495519E-01   5.1057076E-01  
 2.9000000E-01   2.1155566E+00   1.9151093E-02   5.9750403E-01   6.8469559E-02   5.2319847E-01   5.1057076E-01  
 3.0000000E-01   2.1155566E+00   1.9151093E-02   5.9750403E-01   6.8469559E-02   4.5495519E-01   5.8715637E-01  
 1.6000000E-01   1.2200529E+00   9.0541026E-02   5.5750440E-01   6.2880113E-02   3.4165035E-01   9.4491339E-01  
 6.0000000E-02   1.0370449E+00   9.0541026E-02   5.5750440E-01   6.2880113E-02   3.4165035E-01   9.4491339E-01  
 1.6000000E-01   1.2200529E+00   7.6959872E-02   5.5750440E-01   6.2880113E-02   3.4165035E-01   9.4491339E-01  
 1.4000000E-01   1.2200529E+00   9.0541026E-02   6.4113006E-01   6.2880113E-02   3.4165035E-01   9.4491339E-01  
 1.5000000E-01   1.2200529E+00   9.0541026E-02   5.5750440E-01   7.2312130E-02   3.4165035E-01   9.4491339E-01  
 1.6000000E-01   1.2200529E+00   9.0541026E-02   5.5750440E-01   6.2880113E-02   3.9289790E-01   9.4491339E-01  
 1.6000000E-01   1.2200529E+00   9.0541026E-02   5.5750440E-01   6.2880113E-02   3.4165035E-01   1.0866504E+00  
