GoF SOIL__N SOIL__Alpha SOIL__ThetaSat SOIL__ThetaRes SOIL__LateralHydrConductivity SCALAR__SoilRoughness SCALAR__LSAI SCALAR__CanopyFraction SCALAR__DecayCoeffCanopy SCALAR__RootDepth SCALAR__MinStomatalRes SCALAR__VegReflectVis SCALAR__VegReflNIR SCALAR__VegTransVis SCALAR__VegTransNIR SCALAR__LeafAngles SCALAR__CanDensSurface SCALAR__SoilAlbVisDry SCALAR__SoilAlbNIRDry SCALAR__SoilAlbVisWet SCALAR__SoilAlbNIRWet SCALAR__SoilEmissiv SCALAR__CanopyMaxIter SOIL__NormalHydrConductivity_V_L0001 SOIL__NormalHydrConductivity_V_L0002 SOIL__NormalHydrConductivity_V_L0003 SOIL__NormalHydrConductivity_V_L0004 SOIL__NormalHydrConductivity_V_L0005 SOIL__NormalHydrConductivity_V_L0006 SOIL__NormalHydrConductivity_V_L0007 SOIL__NormalHydrConductivity_V_L0008 SOIL__NormalHydrConductivity_V_L0009 
NA   2.4671294E+00   5.0155188E-02   5.9182107E-01   6.0800881E-02   6.4059209E-01   6.7074540E+02   3.0586630E+00   1.4860487E-02   1.7122714E+01   1.2610945E+02   1.3197968E+01   1.6357966E-01   1.6443412E-01   8.0777070E-02   2.7063705E-01  -4.5822784E-01   6.3081029E+00   2.7773270E-01   5.4969383E-02   1.7112683E-01   3.1475131E-01   8.0215102E-01   2.9026859E+00   1.0700979E-01   9.9821347E-01   6.8554424E-02   6.4198611E-02   6.6828818E-01   9.7077462E-01   4.4951625E-01   8.1408140E-01   2.5030165E-01  
 6.9545581E+04   2.0970600E+00   5.0155188E-02   5.9182107E-01   6.0800881E-02   6.4059209E-01   6.7074540E+02   3.0586630E+00   1.4860487E-02   1.7122714E+01   1.2610945E+02   1.3197968E+01   1.6357966E-01   1.6443412E-01   8.0777070E-02   2.7063705E-01  -4.5822784E-01   6.3081029E+00   2.7773270E-01   5.4969383E-02   1.7112683E-01   3.1475131E-01   8.0215102E-01   2.9026859E+00   1.0700979E-01   9.9821347E-01   6.8554424E-02   6.4198611E-02   6.6828818E-01   9.7077462E-01   4.4951625E-01   8.1408140E-01   2.5030165E-01  
NA   2.4671294E+00   5.7678467E-02   5.9182107E-01   6.0800881E-02   6.4059209E-01   6.7074540E+02   3.0586630E+00   1.4860487E-02   1.7122714E+01   1.2610945E+02   1.3197968E+01   1.6357966E-01   1.6443412E-01   8.0777070E-02   2.7063705E-01  -4.5822784E-01   6.3081029E+00   2.7773270E-01   5.4969383E-02   1.7112683E-01   3.1475131E-01   8.0215102E-01   2.9026859E+00   1.0700979E-01   9.9821347E-01   6.8554424E-02   6.4198611E-02   6.6828818E-01   9.7077462E-01   4.4951625E-01   8.1408140E-01   2.5030165E-01  
NA   2.4671294E+00   5.0155188E-02   6.8059424E-01   6.0800881E-02   6.4059209E-01   6.7074540E+02   3.0586630E+00   1.4860487E-02   1.7122714E+01   1.2610945E+02   1.3197968E+01   1.6357966E-01   1.6443412E-01   8.0777070E-02   2.7063705E-01  -4.5822784E-01   6.3081029E+00   2.7773270E-01   5.4969383E-02   1.7112683E-01   3.1475131E-01   8.0215102E-01   2.9026859E+00   1.0700979E-01   9.9821347E-01   6.8554424E-02   6.4198611E-02   6.6828818E-01   9.7077462E-01   4.4951625E-01   8.1408140E-01   2.5030165E-01  
NA   2.4671294E+00   5.0155188E-02   5.9182107E-01   6.9921014E-02   6.4059209E-01   6.7074540E+02   3.0586630E+00   1.4860487E-02   1.7122714E+01   1.2610945E+02   1.3197968E+01   1.6357966E-01   1.6443412E-01   8.0777070E-02   2.7063705E-01  -4.5822784E-01   6.3081029E+00   2.7773270E-01   5.4969383E-02   1.7112683E-01   3.1475131E-01   8.0215102E-01   2.9026859E+00   1.0700979E-01   9.9821347E-01   6.8554424E-02   6.4198611E-02   6.6828818E-01   9.7077462E-01   4.4951625E-01   8.1408140E-01   2.5030165E-01  
NA   2.4671294E+00   5.0155188E-02   5.9182107E-01   6.0800881E-02   5.4450328E-01   6.7074540E+02   3.0586630E+00   1.4860487E-02   1.7122714E+01   1.2610945E+02   1.3197968E+01   1.6357966E-01   1.6443412E-01   8.0777070E-02   2.7063705E-01  -4.5822784E-01   6.3081029E+00   2.7773270E-01   5.4969383E-02   1.7112683E-01   3.1475131E-01   8.0215102E-01   2.9026859E+00   1.0700979E-01   9.9821347E-01   6.8554424E-02   6.4198611E-02   6.6828818E-01   9.7077462E-01   4.4951625E-01   8.1408140E-01   2.5030165E-01  
NA   2.4671294E+00   5.0155188E-02   5.9182107E-01   6.0800881E-02   6.4059209E-01   7.7135721E+02   3.0586630E+00   1.4860487E-02   1.7122714E+01   1.2610945E+02   1.3197968E+01   1.6357966E-01   1.6443412E-01   8.0777070E-02   2.7063705E-01  -4.5822784E-01   6.3081029E+00   2.7773270E-01   5.4969383E-02   1.7112683E-01   3.1475131E-01   8.0215102E-01   2.9026859E+00   1.0700979E-01   9.9821347E-01   6.8554424E-02   6.4198611E-02   6.6828818E-01   9.7077462E-01   4.4951625E-01   8.1408140E-01   2.5030165E-01  
NA   2.4671294E+00   5.0155188E-02   5.9182107E-01   6.0800881E-02   6.4059209E-01   6.7074540E+02   3.5174625E+00   1.4860487E-02   1.7122714E+01   1.2610945E+02   1.3197968E+01   1.6357966E-01   1.6443412E-01   8.0777070E-02   2.7063705E-01  -4.5822784E-01   6.3081029E+00   2.7773270E-01   5.4969383E-02   1.7112683E-01   3.1475131E-01   8.0215102E-01   2.9026859E+00   1.0700979E-01   9.9821347E-01   6.8554424E-02   6.4198611E-02   6.6828818E-01   9.7077462E-01   4.4951625E-01   8.1408140E-01   2.5030165E-01  
NA   2.4671294E+00   5.0155188E-02   5.9182107E-01   6.0800881E-02   6.4059209E-01   6.7074540E+02   3.0586630E+00   1.2631414E-02   1.7122714E+01   1.2610945E+02   1.3197968E+01   1.6357966E-01   1.6443412E-01   8.0777070E-02   2.7063705E-01  -4.5822784E-01   6.3081029E+00   2.7773270E-01   5.4969383E-02   1.7112683E-01   3.1475131E-01   8.0215102E-01   2.9026859E+00   1.0700979E-01   9.9821347E-01   6.8554424E-02   6.4198611E-02   6.6828818E-01   9.7077462E-01   4.4951625E-01   8.1408140E-01   2.5030165E-01  
NA   2.4671294E+00   5.0155188E-02   5.9182107E-01   6.0800881E-02   6.4059209E-01   6.7074540E+02   3.0586630E+00   1.4860487E-02   1.4554307E+01   1.2610945E+02   1.3197968E+01   1.6357966E-01   1.6443412E-01   8.0777070E-02   2.7063705E-01  -4.5822784E-01   6.3081029E+00   2.7773270E-01   5.4969383E-02   1.7112683E-01   3.1475131E-01   8.0215102E-01   2.9026859E+00   1.0700979E-01   9.9821347E-01   6.8554424E-02   6.4198611E-02   6.6828818E-01   9.7077462E-01   4.4951625E-01   8.1408140E-01   2.5030165E-01  
NA   2.4671294E+00   5.0155188E-02   5.9182107E-01   6.0800881E-02   6.4059209E-01   6.7074540E+02   3.0586630E+00   1.4860487E-02   1.7122714E+01   1.4502587E+02   1.3197968E+01   1.6357966E-01   1.6443412E-01   8.0777070E-02   2.7063705E-01  -4.5822784E-01   6.3081029E+00   2.7773270E-01   5.4969383E-02   1.7112683E-01   3.1475131E-01   8.0215102E-01   2.9026859E+00   1.0700979E-01   9.9821347E-01   6.8554424E-02   6.4198611E-02   6.6828818E-01   9.7077462E-01   4.4951625E-01   8.1408140E-01   2.5030165E-01  
NA   2.4671294E+00   5.0155188E-02   5.9182107E-01   6.0800881E-02   6.4059209E-01   6.7074540E+02   3.0586630E+00   1.4860487E-02   1.7122714E+01   1.2610945E+02   1.5177663E+01   1.6357966E-01   1.6443412E-01   8.0777070E-02   2.7063705E-01  -4.5822784E-01   6.3081029E+00   2.7773270E-01   5.4969383E-02   1.7112683E-01   3.1475131E-01   8.0215102E-01   2.9026859E+00   1.0700979E-01   9.9821347E-01   6.8554424E-02   6.4198611E-02   6.6828818E-01   9.7077462E-01   4.4951625E-01   8.1408140E-01   2.5030165E-01  
NA   2.4671294E+00   5.0155188E-02   5.9182107E-01   6.0800881E-02   6.4059209E-01   6.7074540E+02   3.0586630E+00   1.4860487E-02   1.7122714E+01   1.2610945E+02   1.3197968E+01   1.3904271E-01   1.6443412E-01   8.0777070E-02   2.7063705E-01  -4.5822784E-01   6.3081029E+00   2.7773270E-01   5.4969383E-02   1.7112683E-01   3.1475131E-01   8.0215102E-01   2.9026859E+00   1.0700979E-01   9.9821347E-01   6.8554424E-02   6.4198611E-02   6.6828818E-01   9.7077462E-01   4.4951625E-01   8.1408140E-01   2.5030165E-01  
NA   2.4671294E+00   5.0155188E-02   5.9182107E-01   6.0800881E-02   6.4059209E-01   6.7074540E+02   3.0586630E+00   1.4860487E-02   1.7122714E+01   1.2610945E+02   1.3197968E+01   1.6357966E-01   1.8909924E-01   8.0777070E-02   2.7063705E-01  -4.5822784E-01   6.3081029E+00   2.7773270E-01   5.4969383E-02   1.7112683E-01   3.1475131E-01   8.0215102E-01   2.9026859E+00   1.0700979E-01   9.9821347E-01   6.8554424E-02   6.4198611E-02   6.6828818E-01   9.7077462E-01   4.4951625E-01   8.1408140E-01   2.5030165E-01  
NA   2.4671294E+00   5.0155188E-02   5.9182107E-01   6.0800881E-02   6.4059209E-01   6.7074540E+02   3.0586630E+00   1.4860487E-02   1.7122714E+01   1.2610945E+02   1.3197968E+01   1.6357966E-01   1.6443412E-01   9.2893631E-02   2.7063705E-01  -4.5822784E-01   6.3081029E+00   2.7773270E-01   5.4969383E-02   1.7112683E-01   3.1475131E-01   8.0215102E-01   2.9026859E+00   1.0700979E-01   9.9821347E-01   6.8554424E-02   6.4198611E-02   6.6828818E-01   9.7077462E-01   4.4951625E-01   8.1408140E-01   2.5030165E-01  
NA   2.4671294E+00   5.0155188E-02   5.9182107E-01   6.0800881E-02   6.4059209E-01   6.7074540E+02   3.0586630E+00   1.4860487E-02   1.7122714E+01   1.2610945E+02   1.3197968E+01   1.6357966E-01   1.6443412E-01   8.0777070E-02   2.3004149E-01  -4.5822784E-01   6.3081029E+00   2.7773270E-01   5.4969383E-02   1.7112683E-01   3.1475131E-01   8.0215102E-01   2.9026859E+00   1.0700979E-01   9.9821347E-01   6.8554424E-02   6.4198611E-02   6.6828818E-01   9.7077462E-01   4.4951625E-01   8.1408140E-01   2.5030165E-01  
NA   2.4671294E+00   5.0155188E-02   5.9182107E-01   6.0800881E-02   6.4059209E-01   6.7074540E+02   3.0586630E+00   1.4860487E-02   1.7122714E+01   1.2610945E+02   1.3197968E+01   1.6357966E-01   1.6443412E-01   8.0777070E-02   2.7063705E-01  -3.8949367E-01   6.3081029E+00   2.7773270E-01   5.4969383E-02   1.7112683E-01   3.1475131E-01   8.0215102E-01   2.9026859E+00   1.0700979E-01   9.9821347E-01   6.8554424E-02   6.4198611E-02   6.6828818E-01   9.7077462E-01   4.4951625E-01   8.1408140E-01   2.5030165E-01  
NA   2.4671294E+00   5.0155188E-02   5.9182107E-01   6.0800881E-02   6.4059209E-01   6.7074540E+02   3.0586630E+00   1.4860487E-02   1.7122714E+01   1.2610945E+02   1.3197968E+01   1.6357966E-01   1.6443412E-01   8.0777070E-02   2.7063705E-01  -4.5822784E-01   7.2543183E+00   2.7773270E-01   5.4969383E-02   1.7112683E-01   3.1475131E-01   8.0215102E-01   2.9026859E+00   1.0700979E-01   9.9821347E-01   6.8554424E-02   6.4198611E-02   6.6828818E-01   9.7077462E-01   4.4951625E-01   8.1408140E-01   2.5030165E-01  
NA   2.4671294E+00   5.0155188E-02   5.9182107E-01   6.0800881E-02   6.4059209E-01   6.7074540E+02   3.0586630E+00   1.4860487E-02   1.7122714E+01   1.2610945E+02   1.3197968E+01   1.6357966E-01   1.6443412E-01   8.0777070E-02   2.7063705E-01  -4.5822784E-01   6.3081029E+00   3.1939261E-01   5.4969383E-02   1.7112683E-01   3.1475131E-01   8.0215102E-01   2.9026859E+00   1.0700979E-01   9.9821347E-01   6.8554424E-02   6.4198611E-02   6.6828818E-01   9.7077462E-01   4.4951625E-01   8.1408140E-01   2.5030165E-01  
NA   2.4671294E+00   5.0155188E-02   5.9182107E-01   6.0800881E-02   6.4059209E-01   6.7074540E+02   3.0586630E+00   1.4860487E-02   1.7122714E+01   1.2610945E+02   1.3197968E+01   1.6357966E-01   1.6443412E-01   8.0777070E-02   2.7063705E-01  -4.5822784E-01   6.3081029E+00   2.7773270E-01   4.6723976E-02   1.7112683E-01   3.1475131E-01   8.0215102E-01   2.9026859E+00   1.0700979E-01   9.9821347E-01   6.8554424E-02   6.4198611E-02   6.6828818E-01   9.7077462E-01   4.4951625E-01   8.1408140E-01   2.5030165E-01  
NA   2.4671294E+00   5.0155188E-02   5.9182107E-01   6.0800881E-02   6.4059209E-01   6.7074540E+02   3.0586630E+00   1.4860487E-02   1.7122714E+01   1.2610945E+02   1.3197968E+01   1.6357966E-01   1.6443412E-01   8.0777070E-02   2.7063705E-01  -4.5822784E-01   6.3081029E+00   2.7773270E-01   5.4969383E-02   1.9679585E-01   3.1475131E-01   8.0215102E-01   2.9026859E+00   1.0700979E-01   9.9821347E-01   6.8554424E-02   6.4198611E-02   6.6828818E-01   9.7077462E-01   4.4951625E-01   8.1408140E-01   2.5030165E-01  
NA   2.4671294E+00   5.0155188E-02   5.9182107E-01   6.0800881E-02   6.4059209E-01   6.7074540E+02   3.0586630E+00   1.4860487E-02   1.7122714E+01   1.2610945E+02   1.3197968E+01   1.6357966E-01   1.6443412E-01   8.0777070E-02   2.7063705E-01  -4.5822784E-01   6.3081029E+00   2.7773270E-01   5.4969383E-02   1.7112683E-01   2.6753861E-01   8.0215102E-01   2.9026859E+00   1.0700979E-01   9.9821347E-01   6.8554424E-02   6.4198611E-02   6.6828818E-01   9.7077462E-01   4.4951625E-01   8.1408140E-01   2.5030165E-01  
NA   2.4671294E+00   5.0155188E-02   5.9182107E-01   6.0800881E-02   6.4059209E-01   6.7074540E+02   3.0586630E+00   1.4860487E-02   1.7122714E+01   1.2610945E+02   1.3197968E+01   1.6357966E-01   1.6443412E-01   8.0777070E-02   2.7063705E-01  -4.5822784E-01   6.3081029E+00   2.7773270E-01   5.4969383E-02   1.7112683E-01   3.1475131E-01   6.8182837E-01   2.9026859E+00   1.0700979E-01   9.9821347E-01   6.8554424E-02   6.4198611E-02   6.6828818E-01   9.7077462E-01   4.4951625E-01   8.1408140E-01   2.5030165E-01  
NA   2.4671294E+00   5.0155188E-02   5.9182107E-01   6.0800881E-02   6.4059209E-01   6.7074540E+02   3.0586630E+00   1.4860487E-02   1.7122714E+01   1.2610945E+02   1.3197968E+01   1.6357966E-01   1.6443412E-01   8.0777070E-02   2.7063705E-01  -4.5822784E-01   6.3081029E+00   2.7773270E-01   5.4969383E-02   1.7112683E-01   3.1475131E-01   8.0215102E-01   2.4672830E+00   1.0700979E-01   9.9821347E-01   6.8554424E-02   6.4198611E-02   6.6828818E-01   9.7077462E-01   4.4951625E-01   8.1408140E-01   2.5030165E-01  
NA   2.4671294E+00   5.0155188E-02   5.9182107E-01   6.0800881E-02   6.4059209E-01   6.7074540E+02   3.0586630E+00   1.4860487E-02   1.7122714E+01   1.2610945E+02   1.3197968E+01   1.6357966E-01   1.6443412E-01   8.0777070E-02   2.7063705E-01  -4.5822784E-01   6.3081029E+00   2.7773270E-01   5.4969383E-02   1.7112683E-01   3.1475131E-01   8.0215102E-01   2.9026859E+00   1.2306126E-01   9.9821347E-01   6.8554424E-02   6.4198611E-02   6.6828818E-01   9.7077462E-01   4.4951625E-01   8.1408140E-01   2.5030165E-01  
NA   2.4671294E+00   5.0155188E-02   5.9182107E-01   6.0800881E-02   6.4059209E-01   6.7074540E+02   3.0586630E+00   1.4860487E-02   1.7122714E+01   1.2610945E+02   1.3197968E+01   1.6357966E-01   1.6443412E-01   8.0777070E-02   2.7063705E-01  -4.5822784E-01   6.3081029E+00   2.7773270E-01   5.4969383E-02   1.7112683E-01   3.1475131E-01   8.0215102E-01   2.9026859E+00   1.0700979E-01   8.4848145E-01   6.8554424E-02   6.4198611E-02   6.6828818E-01   9.7077462E-01   4.4951625E-01   8.1408140E-01   2.5030165E-01  
NA   2.4671294E+00   5.0155188E-02   5.9182107E-01   6.0800881E-02   6.4059209E-01   6.7074540E+02   3.0586630E+00   1.4860487E-02   1.7122714E+01   1.2610945E+02   1.3197968E+01   1.6357966E-01   1.6443412E-01   8.0777070E-02   2.7063705E-01  -4.5822784E-01   6.3081029E+00   2.7773270E-01   5.4969383E-02   1.7112683E-01   3.1475131E-01   8.0215102E-01   2.9026859E+00   1.0700979E-01   9.9821347E-01   5.8271260E-02   6.4198611E-02   6.6828818E-01   9.7077462E-01   4.4951625E-01   8.1408140E-01   2.5030165E-01  
NA   2.4671294E+00   5.0155188E-02   5.9182107E-01   6.0800881E-02   6.4059209E-01   6.7074540E+02   3.0586630E+00   1.4860487E-02   1.7122714E+01   1.2610945E+02   1.3197968E+01   1.6357966E-01   1.6443412E-01   8.0777070E-02   2.7063705E-01  -4.5822784E-01   6.3081029E+00   2.7773270E-01   5.4969383E-02   1.7112683E-01   3.1475131E-01   8.0215102E-01   2.9026859E+00   1.0700979E-01   9.9821347E-01   6.8554424E-02   7.3828402E-02   6.6828818E-01   9.7077462E-01   4.4951625E-01   8.1408140E-01   2.5030165E-01  
NA   2.4671294E+00   5.0155188E-02   5.9182107E-01   6.0800881E-02   6.4059209E-01   6.7074540E+02   3.0586630E+00   1.4860487E-02   1.7122714E+01   1.2610945E+02   1.3197968E+01   1.6357966E-01   1.6443412E-01   8.0777070E-02   2.7063705E-01  -4.5822784E-01   6.3081029E+00   2.7773270E-01   5.4969383E-02   1.7112683E-01   3.1475131E-01   8.0215102E-01   2.9026859E+00   1.0700979E-01   9.9821347E-01   6.8554424E-02   6.4198611E-02   5.6804495E-01   9.7077462E-01   4.4951625E-01   8.1408140E-01   2.5030165E-01  
NA   2.4671294E+00   5.0155188E-02   5.9182107E-01   6.0800881E-02   6.4059209E-01   6.7074540E+02   3.0586630E+00   1.4860487E-02   1.7122714E+01   1.2610945E+02   1.3197968E+01   1.6357966E-01   1.6443412E-01   8.0777070E-02   2.7063705E-01  -4.5822784E-01   6.3081029E+00   2.7773270E-01   5.4969383E-02   1.7112683E-01   3.1475131E-01   8.0215102E-01   2.9026859E+00   1.0700979E-01   9.9821347E-01   6.8554424E-02   6.4198611E-02   6.6828818E-01   1.1163908E+00   4.4951625E-01   8.1408140E-01   2.5030165E-01  
NA   2.4671294E+00   5.0155188E-02   5.9182107E-01   6.0800881E-02   6.4059209E-01   6.7074540E+02   3.0586630E+00   1.4860487E-02   1.7122714E+01   1.2610945E+02   1.3197968E+01   1.6357966E-01   1.6443412E-01   8.0777070E-02   2.7063705E-01  -4.5822784E-01   6.3081029E+00   2.7773270E-01   5.4969383E-02   1.7112683E-01   3.1475131E-01   8.0215102E-01   2.9026859E+00   1.0700979E-01   9.9821347E-01   6.8554424E-02   6.4198611E-02   6.6828818E-01   9.7077462E-01   5.1694369E-01   8.1408140E-01   2.5030165E-01  
NA   2.4671294E+00   5.0155188E-02   5.9182107E-01   6.0800881E-02   6.4059209E-01   6.7074540E+02   3.0586630E+00   1.4860487E-02   1.7122714E+01   1.2610945E+02   1.3197968E+01   1.6357966E-01   1.6443412E-01   8.0777070E-02   2.7063705E-01  -4.5822784E-01   6.3081029E+00   2.7773270E-01   5.4969383E-02   1.7112683E-01   3.1475131E-01   8.0215102E-01   2.9026859E+00   1.0700979E-01   9.9821347E-01   6.8554424E-02   6.4198611E-02   6.6828818E-01   9.7077462E-01   4.4951625E-01   6.9196919E-01   2.5030165E-01  
NA   2.4671294E+00   5.0155188E-02   5.9182107E-01   6.0800881E-02   6.4059209E-01   6.7074540E+02   3.0586630E+00   1.4860487E-02   1.7122714E+01   1.2610945E+02   1.3197968E+01   1.6357966E-01   1.6443412E-01   8.0777070E-02   2.7063705E-01  -4.5822784E-01   6.3081029E+00   2.7773270E-01   5.4969383E-02   1.7112683E-01   3.1475131E-01   8.0215102E-01   2.9026859E+00   1.0700979E-01   9.9821347E-01   6.8554424E-02   6.4198611E-02   6.6828818E-01   9.7077462E-01   4.4951625E-01   8.1408140E-01   2.8784690E-01  
 6.6581890E+04   1.4788111E+00   7.8707649E-02   6.5012224E-01   5.5831590E-02   1.6106592E-01   6.1894467E+01   4.1189765E+00   4.8671286E-01   4.9232963E+01   4.8913379E+02   8.1201259E+01   1.1012304E-01   3.8994021E-01   1.3321538E-01   3.2209958E-01  -1.8361823E-01   9.4307715E+00   2.1126519E-01   1.6842270E-01   6.4482955E-02   1.1139688E-01   1.2677847E+00   1.0045016E+00   6.2035590E-01   2.4250013E-01   4.0666127E-01   5.4943448E-01   3.4532924E-01   2.5603372E-01   5.2013707E-03   6.7703444E-02   5.3185286E-02  
 7.0391238E+04   1.7006327E+00   7.8707649E-02   6.5012224E-01   5.5831590E-02   1.6106592E-01   6.1894467E+01   4.1189765E+00   4.8671286E-01   4.9232963E+01   4.8913379E+02   8.1201259E+01   1.1012304E-01   3.8994021E-01   1.3321538E-01   3.2209958E-01  -1.8361823E-01   9.4307715E+00   2.1126519E-01   1.6842270E-01   6.4482955E-02   1.1139688E-01   1.2677847E+00   1.0045016E+00   6.2035590E-01   2.4250013E-01   4.0666127E-01   5.4943448E-01   3.4532924E-01   2.5603372E-01   5.2013707E-03   6.7703444E-02   5.3185286E-02  
 6.6793138E+04   1.4788111E+00   9.0513796E-02   6.5012224E-01   5.5831590E-02   1.6106592E-01   6.1894467E+01   4.1189765E+00   4.8671286E-01   4.9232963E+01   4.8913379E+02   8.1201259E+01   1.1012304E-01   3.8994021E-01   1.3321538E-01   3.2209958E-01  -1.8361823E-01   9.4307715E+00   2.1126519E-01   1.6842270E-01   6.4482955E-02   1.1139688E-01   1.2677847E+00   1.0045016E+00   6.2035590E-01   2.4250013E-01   4.0666127E-01   5.4943448E-01   3.4532924E-01   2.5603372E-01   5.2013707E-03   6.7703444E-02   5.3185286E-02  
 6.7525427E+04   1.4788111E+00   7.8707649E-02   5.5260390E-01   5.5831590E-02   1.6106592E-01   6.1894467E+01   4.1189765E+00   4.8671286E-01   4.9232963E+01   4.8913379E+02   8.1201259E+01   1.1012304E-01   3.8994021E-01   1.3321538E-01   3.2209958E-01  -1.8361823E-01   9.4307715E+00   2.1126519E-01   1.6842270E-01   6.4482955E-02   1.1139688E-01   1.2677847E+00   1.0045016E+00   6.2035590E-01   2.4250013E-01   4.0666127E-01   5.4943448E-01   3.4532924E-01   2.5603372E-01   5.2013707E-03   6.7703444E-02   5.3185286E-02  
 6.6540809E+04   1.4788111E+00   7.8707649E-02   6.5012224E-01   4.7456852E-02   1.6106592E-01   6.1894467E+01   4.1189765E+00   4.8671286E-01   4.9232963E+01   4.8913379E+02   8.1201259E+01   1.1012304E-01   3.8994021E-01   1.3321538E-01   3.2209958E-01  -1.8361823E-01   9.4307715E+00   2.1126519E-01   1.6842270E-01   6.4482955E-02   1.1139688E-01   1.2677847E+00   1.0045016E+00   6.2035590E-01   2.4250013E-01   4.0666127E-01   5.4943448E-01   3.4532924E-01   2.5603372E-01   5.2013707E-03   6.7703444E-02   5.3185286E-02  
 6.6581890E+04   1.4788111E+00   7.8707649E-02   6.5012224E-01   5.5831590E-02   1.8522581E-01   6.1894467E+01   4.1189765E+00   4.8671286E-01   4.9232963E+01   4.8913379E+02   8.1201259E+01   1.1012304E-01   3.8994021E-01   1.3321538E-01   3.2209958E-01  -1.8361823E-01   9.4307715E+00   2.1126519E-01   1.6842270E-01   6.4482955E-02   1.1139688E-01   1.2677847E+00   1.0045016E+00   6.2035590E-01   2.4250013E-01   4.0666127E-01   5.4943448E-01   3.4532924E-01   2.5603372E-01   5.2013707E-03   6.7703444E-02   5.3185286E-02  
 6.6611458E+04   1.4788111E+00   7.8707649E-02   6.5012224E-01   5.5831590E-02   1.6106592E-01   5.2610297E+01   4.1189765E+00   4.8671286E-01   4.9232963E+01   4.8913379E+02   8.1201259E+01   1.1012304E-01   3.8994021E-01   1.3321538E-01   3.2209958E-01  -1.8361823E-01   9.4307715E+00   2.1126519E-01   1.6842270E-01   6.4482955E-02   1.1139688E-01   1.2677847E+00   1.0045016E+00   6.2035590E-01   2.4250013E-01   4.0666127E-01   5.4943448E-01   3.4532924E-01   2.5603372E-01   5.2013707E-03   6.7703444E-02   5.3185286E-02  
 6.6581890E+04   1.4788111E+00   7.8707649E-02   6.5012224E-01   5.5831590E-02   1.6106592E-01   6.1894467E+01   3.5011300E+00   4.8671286E-01   4.9232963E+01   4.8913379E+02   8.1201259E+01   1.1012304E-01   3.8994021E-01   1.3321538E-01   3.2209958E-01  -1.8361823E-01   9.4307715E+00   2.1126519E-01   1.6842270E-01   6.4482955E-02   1.1139688E-01   1.2677847E+00   1.0045016E+00   6.2035590E-01   2.4250013E-01   4.0666127E-01   5.4943448E-01   3.4532924E-01   2.5603372E-01   5.2013707E-03   6.7703444E-02   5.3185286E-02  
 6.6581890E+04   1.4788111E+00   7.8707649E-02   6.5012224E-01   5.5831590E-02   1.6106592E-01   6.1894467E+01   4.1189765E+00   4.1370593E-01   4.9232963E+01   4.8913379E+02   8.1201259E+01   1.1012304E-01   3.8994021E-01   1.3321538E-01   3.2209958E-01  -1.8361823E-01   9.4307715E+00   2.1126519E-01   1.6842270E-01   6.4482955E-02   1.1139688E-01   1.2677847E+00   1.0045016E+00   6.2035590E-01   2.4250013E-01   4.0666127E-01   5.4943448E-01   3.4532924E-01   2.5603372E-01   5.2013707E-03   6.7703444E-02   5.3185286E-02  
 6.6581890E+04   1.4788111E+00   7.8707649E-02   6.5012224E-01   5.5831590E-02   1.6106592E-01   6.1894467E+01   4.1189765E+00   4.8671286E-01   4.1848019E+01   4.8913379E+02   8.1201259E+01   1.1012304E-01   3.8994021E-01   1.3321538E-01   3.2209958E-01  -1.8361823E-01   9.4307715E+00   2.1126519E-01   1.6842270E-01   6.4482955E-02   1.1139688E-01   1.2677847E+00   1.0045016E+00   6.2035590E-01   2.4250013E-01   4.0666127E-01   5.4943448E-01   3.4532924E-01   2.5603372E-01   5.2013707E-03   6.7703444E-02   5.3185286E-02  
 6.6581890E+04   1.4788111E+00   7.8707649E-02   6.5012224E-01   5.5831590E-02   1.6106592E-01   6.1894467E+01   4.1189765E+00   4.8671286E-01   4.9232963E+01   4.1576372E+02   8.1201259E+01   1.1012304E-01   3.8994021E-01   1.3321538E-01   3.2209958E-01  -1.8361823E-01   9.4307715E+00   2.1126519E-01   1.6842270E-01   6.4482955E-02   1.1139688E-01   1.2677847E+00   1.0045016E+00   6.2035590E-01   2.4250013E-01   4.0666127E-01   5.4943448E-01   3.4532924E-01   2.5603372E-01   5.2013707E-03   6.7703444E-02   5.3185286E-02  
 6.5393744E+04   1.4788111E+00   7.8707649E-02   6.5012224E-01   5.5831590E-02   1.6106592E-01   6.1894467E+01   4.1189765E+00   4.8671286E-01   4.9232963E+01   4.8913379E+02   6.9021070E+01   1.1012304E-01   3.8994021E-01   1.3321538E-01   3.2209958E-01  -1.8361823E-01   9.4307715E+00   2.1126519E-01   1.6842270E-01   6.4482955E-02   1.1139688E-01   1.2677847E+00   1.0045016E+00   6.2035590E-01   2.4250013E-01   4.0666127E-01   5.4943448E-01   3.4532924E-01   2.5603372E-01   5.2013707E-03   6.7703444E-02   5.3185286E-02  
 6.6458460E+04   1.4788111E+00   7.8707649E-02   6.5012224E-01   5.5831590E-02   1.6106592E-01   6.1894467E+01   4.1189765E+00   4.8671286E-01   4.9232963E+01   4.8913379E+02   8.1201259E+01   1.2664149E-01   3.8994021E-01   1.3321538E-01   3.2209958E-01  -1.8361823E-01   9.4307715E+00   2.1126519E-01   1.6842270E-01   6.4482955E-02   1.1139688E-01   1.2677847E+00   1.0045016E+00   6.2035590E-01   2.4250013E-01   4.0666127E-01   5.4943448E-01   3.4532924E-01   2.5603372E-01   5.2013707E-03   6.7703444E-02   5.3185286E-02  
 6.7572983E+04   1.4788111E+00   7.8707649E-02   6.5012224E-01   5.5831590E-02   1.6106592E-01   6.1894467E+01   4.1189765E+00   4.8671286E-01   4.9232963E+01   4.8913379E+02   8.1201259E+01   1.1012304E-01   3.3144918E-01   1.3321538E-01   3.2209958E-01  -1.8361823E-01   9.4307715E+00   2.1126519E-01   1.6842270E-01   6.4482955E-02   1.1139688E-01   1.2677847E+00   1.0045016E+00   6.2035590E-01   2.4250013E-01   4.0666127E-01   5.4943448E-01   3.4532924E-01   2.5603372E-01   5.2013707E-03   6.7703444E-02   5.3185286E-02  
 6.6726700E+04   1.4788111E+00   7.8707649E-02   6.5012224E-01   5.5831590E-02   1.6106592E-01   6.1894467E+01   4.1189765E+00   4.8671286E-01   4.9232963E+01   4.8913379E+02   8.1201259E+01   1.1012304E-01   3.8994021E-01   1.1323307E-01   3.2209958E-01  -1.8361823E-01   9.4307715E+00   2.1126519E-01   1.6842270E-01   6.4482955E-02   1.1139688E-01   1.2677847E+00   1.0045016E+00   6.2035590E-01   2.4250013E-01   4.0666127E-01   5.4943448E-01   3.4532924E-01   2.5603372E-01   5.2013707E-03   6.7703444E-02   5.3185286E-02  
 6.5747714E+04   1.4788111E+00   7.8707649E-02   6.5012224E-01   5.5831590E-02   1.6106592E-01   6.1894467E+01   4.1189765E+00   4.8671286E-01   4.9232963E+01   4.8913379E+02   8.1201259E+01   1.1012304E-01   3.8994021E-01   1.3321538E-01   3.7041451E-01  -1.8361823E-01   9.4307715E+00   2.1126519E-01   1.6842270E-01   6.4482955E-02   1.1139688E-01   1.2677847E+00   1.0045016E+00   6.2035590E-01   2.4250013E-01   4.0666127E-01   5.4943448E-01   3.4532924E-01   2.5603372E-01   5.2013707E-03   6.7703444E-02   5.3185286E-02  
 6.6523038E+04   1.4788111E+00   7.8707649E-02   6.5012224E-01   5.5831590E-02   1.6106592E-01   6.1894467E+01   4.1189765E+00   4.8671286E-01   4.9232963E+01   4.8913379E+02   8.1201259E+01   1.1012304E-01   3.8994021E-01   1.3321538E-01   3.2209958E-01  -2.1116097E-01   9.4307715E+00   2.1126519E-01   1.6842270E-01   6.4482955E-02   1.1139688E-01   1.2677847E+00   1.0045016E+00   6.2035590E-01   2.4250013E-01   4.0666127E-01   5.4943448E-01   3.4532924E-01   2.5603372E-01   5.2013707E-03   6.7703444E-02   5.3185286E-02  
 6.6251897E+04   1.4788111E+00   7.8707649E-02   6.5012224E-01   5.5831590E-02   1.6106592E-01   6.1894467E+01   4.1189765E+00   4.8671286E-01   4.9232963E+01   4.8913379E+02   8.1201259E+01   1.1012304E-01   3.8994021E-01   1.3321538E-01   3.2209958E-01  -1.8361823E-01   1.0845387E+01   2.1126519E-01   1.6842270E-01   6.4482955E-02   1.1139688E-01   1.2677847E+00   1.0045016E+00   6.2035590E-01   2.4250013E-01   4.0666127E-01   5.4943448E-01   3.4532924E-01   2.5603372E-01   5.2013707E-03   6.7703444E-02   5.3185286E-02  
 6.6495107E+04   1.4788111E+00   7.8707649E-02   6.5012224E-01   5.5831590E-02   1.6106592E-01   6.1894467E+01   4.1189765E+00   4.8671286E-01   4.9232963E+01   4.8913379E+02   8.1201259E+01   1.1012304E-01   3.8994021E-01   1.3321538E-01   3.2209958E-01  -1.8361823E-01   9.4307715E+00   2.4295496E-01   1.6842270E-01   6.4482955E-02   1.1139688E-01   1.2677847E+00   1.0045016E+00   6.2035590E-01   2.4250013E-01   4.0666127E-01   5.4943448E-01   3.4532924E-01   2.5603372E-01   5.2013707E-03   6.7703444E-02   5.3185286E-02  
 6.6681210E+04   1.4788111E+00   7.8707649E-02   6.5012224E-01   5.5831590E-02   1.6106592E-01   6.1894467E+01   4.1189765E+00   4.8671286E-01   4.9232963E+01   4.8913379E+02   8.1201259E+01   1.1012304E-01   3.8994021E-01   1.3321538E-01   3.2209958E-01  -1.8361823E-01   9.4307715E+00   2.1126519E-01   1.4315930E-01   6.4482955E-02   1.1139688E-01   1.2677847E+00   1.0045016E+00   6.2035590E-01   2.4250013E-01   4.0666127E-01   5.4943448E-01   3.4532924E-01   2.5603372E-01   5.2013707E-03   6.7703444E-02   5.3185286E-02  
 6.6579120E+04   1.4788111E+00   7.8707649E-02   6.5012224E-01   5.5831590E-02   1.6106592E-01   6.1894467E+01   4.1189765E+00   4.8671286E-01   4.9232963E+01   4.8913379E+02   8.1201259E+01   1.1012304E-01   3.8994021E-01   1.3321538E-01   3.2209958E-01  -1.8361823E-01   9.4307715E+00   2.1126519E-01   1.6842270E-01   7.4155398E-02   1.1139688E-01   1.2677847E+00   1.0045016E+00   6.2035590E-01   2.4250013E-01   4.0666127E-01   5.4943448E-01   3.4532924E-01   2.5603372E-01   5.2013707E-03   6.7703444E-02   5.3185286E-02  
 6.6575567E+04   1.4788111E+00   7.8707649E-02   6.5012224E-01   5.5831590E-02   1.6106592E-01   6.1894467E+01   4.1189765E+00   4.8671286E-01   4.9232963E+01   4.8913379E+02   8.1201259E+01   1.1012304E-01   3.8994021E-01   1.3321538E-01   3.2209958E-01  -1.8361823E-01   9.4307715E+00   2.1126519E-01   1.6842270E-01   6.4482955E-02   1.2810641E-01   1.2677847E+00   1.0045016E+00   6.2035590E-01   2.4250013E-01   4.0666127E-01   5.4943448E-01   3.4532924E-01   2.5603372E-01   5.2013707E-03   6.7703444E-02   5.3185286E-02  
 6.6136298E+04   1.4788111E+00   7.8707649E-02   6.5012224E-01   5.5831590E-02   1.6106592E-01   6.1894467E+01   4.1189765E+00   4.8671286E-01   4.9232963E+01   4.8913379E+02   8.1201259E+01   1.1012304E-01   3.8994021E-01   1.3321538E-01   3.2209958E-01  -1.8361823E-01   9.4307715E+00   2.1126519E-01   1.6842270E-01   6.4482955E-02   1.1139688E-01   1.4579524E+00   1.0045016E+00   6.2035590E-01   2.4250013E-01   4.0666127E-01   5.4943448E-01   3.4532924E-01   2.5603372E-01   5.2013707E-03   6.7703444E-02   5.3185286E-02  
 6.6581890E+04   1.4788111E+00   7.8707649E-02   6.5012224E-01   5.5831590E-02   1.6106592E-01   6.1894467E+01   4.1189765E+00   4.8671286E-01   4.9232963E+01   4.8913379E+02   8.1201259E+01   1.1012304E-01   3.8994021E-01   1.3321538E-01   3.2209958E-01  -1.8361823E-01   9.4307715E+00   2.1126519E-01   1.6842270E-01   6.4482955E-02   1.1139688E-01   1.2677847E+00   8.5382635E-01   6.2035590E-01   2.4250013E-01   4.0666127E-01   5.4943448E-01   3.4532924E-01   2.5603372E-01   5.2013707E-03   6.7703444E-02   5.3185286E-02  
 6.6591637E+04   1.4788111E+00   7.8707649E-02   6.5012224E-01   5.5831590E-02   1.6106592E-01   6.1894467E+01   4.1189765E+00   4.8671286E-01   4.9232963E+01   4.8913379E+02   8.1201259E+01   1.1012304E-01   3.8994021E-01   1.3321538E-01   3.2209958E-01  -1.8361823E-01   9.4307715E+00   2.1126519E-01   1.6842270E-01   6.4482955E-02   1.1139688E-01   1.2677847E+00   1.0045016E+00   7.1340929E-01   2.4250013E-01   4.0666127E-01   5.4943448E-01   3.4532924E-01   2.5603372E-01   5.2013707E-03   6.7703444E-02   5.3185286E-02  
 6.6570873E+04   1.4788111E+00   7.8707649E-02   6.5012224E-01   5.5831590E-02   1.6106592E-01   6.1894467E+01   4.1189765E+00   4.8671286E-01   4.9232963E+01   4.8913379E+02   8.1201259E+01   1.1012304E-01   3.8994021E-01   1.3321538E-01   3.2209958E-01  -1.8361823E-01   9.4307715E+00   2.1126519E-01   1.6842270E-01   6.4482955E-02   1.1139688E-01   1.2677847E+00   1.0045016E+00   6.2035590E-01   2.7887514E-01   4.0666127E-01   5.4943448E-01   3.4532924E-01   2.5603372E-01   5.2013707E-03   6.7703444E-02   5.3185286E-02  
 6.6527937E+04   1.4788111E+00   7.8707649E-02   6.5012224E-01   5.5831590E-02   1.6106592E-01   6.1894467E+01   4.1189765E+00   4.8671286E-01   4.9232963E+01   4.8913379E+02   8.1201259E+01   1.1012304E-01   3.8994021E-01   1.3321538E-01   3.2209958E-01  -1.8361823E-01   9.4307715E+00   2.1126519E-01   1.6842270E-01   6.4482955E-02   1.1139688E-01   1.2677847E+00   1.0045016E+00   6.2035590E-01   2.4250013E-01   3.4566208E-01   5.4943448E-01   3.4532924E-01   2.5603372E-01   5.2013707E-03   6.7703444E-02   5.3185286E-02  
 6.6618277E+04   1.4788111E+00   7.8707649E-02   6.5012224E-01   5.5831590E-02   1.6106592E-01   6.1894467E+01   4.1189765E+00   4.8671286E-01   4.9232963E+01   4.8913379E+02   8.1201259E+01   1.1012304E-01   3.8994021E-01   1.3321538E-01   3.2209958E-01  -1.8361823E-01   9.4307715E+00   2.1126519E-01   1.6842270E-01   6.4482955E-02   1.1139688E-01   1.2677847E+00   1.0045016E+00   6.2035590E-01   2.4250013E-01   4.0666127E-01   6.3184965E-01   3.4532924E-01   2.5603372E-01   5.2013707E-03   6.7703444E-02   5.3185286E-02  
 6.6588815E+04   1.4788111E+00   7.8707649E-02   6.5012224E-01   5.5831590E-02   1.6106592E-01   6.1894467E+01   4.1189765E+00   4.8671286E-01   4.9232963E+01   4.8913379E+02   8.1201259E+01   1.1012304E-01   3.8994021E-01   1.3321538E-01   3.2209958E-01  -1.8361823E-01   9.4307715E+00   2.1126519E-01   1.6842270E-01   6.4482955E-02   1.1139688E-01   1.2677847E+00   1.0045016E+00   6.2035590E-01   2.4250013E-01   4.0666127E-01   5.4943448E-01   3.9712862E-01   2.5603372E-01   5.2013707E-03   6.7703444E-02   5.3185286E-02  
 6.6582063E+04   1.4788111E+00   7.8707649E-02   6.5012224E-01   5.5831590E-02   1.6106592E-01   6.1894467E+01   4.1189765E+00   4.8671286E-01   4.9232963E+01   4.8913379E+02   8.1201259E+01   1.1012304E-01   3.8994021E-01   1.3321538E-01   3.2209958E-01  -1.8361823E-01   9.4307715E+00   2.1126519E-01   1.6842270E-01   6.4482955E-02   1.1139688E-01   1.2677847E+00   1.0045016E+00   6.2035590E-01   2.4250013E-01   4.0666127E-01   5.4943448E-01   3.4532924E-01   2.9443877E-01   5.2013707E-03   6.7703444E-02   5.3185286E-02  
 6.6581890E+04   1.4788111E+00   7.8707649E-02   6.5012224E-01   5.5831590E-02   1.6106592E-01   6.1894467E+01   4.1189765E+00   4.8671286E-01   4.9232963E+01   4.8913379E+02   8.1201259E+01   1.1012304E-01   3.8994021E-01   1.3321538E-01   3.2209958E-01  -1.8361823E-01   9.4307715E+00   2.1126519E-01   1.6842270E-01   6.4482955E-02   1.1139688E-01   1.2677847E+00   1.0045016E+00   6.2035590E-01   2.4250013E-01   4.0666127E-01   5.4943448E-01   3.4532924E-01   2.5603372E-01   4.4211651E-03   6.7703444E-02   5.3185286E-02  
 6.6581890E+04   1.4788111E+00   7.8707649E-02   6.5012224E-01   5.5831590E-02   1.6106592E-01   6.1894467E+01   4.1189765E+00   4.8671286E-01   4.9232963E+01   4.8913379E+02   8.1201259E+01   1.1012304E-01   3.8994021E-01   1.3321538E-01   3.2209958E-01  -1.8361823E-01   9.4307715E+00   2.1126519E-01   1.6842270E-01   6.4482955E-02   1.1139688E-01   1.2677847E+00   1.0045016E+00   6.2035590E-01   2.4250013E-01   4.0666127E-01   5.4943448E-01   3.4532924E-01   2.5603372E-01   5.2013707E-03   7.7858961E-02   5.3185286E-02  
 6.6581890E+04   1.4788111E+00   7.8707649E-02   6.5012224E-01   5.5831590E-02   1.6106592E-01   6.1894467E+01   4.1189765E+00   4.8671286E-01   4.9232963E+01   4.8913379E+02   8.1201259E+01   1.1012304E-01   3.8994021E-01   1.3321538E-01   3.2209958E-01  -1.8361823E-01   9.4307715E+00   2.1126519E-01   1.6842270E-01   6.4482955E-02   1.1139688E-01   1.2677847E+00   1.0045016E+00   6.2035590E-01   2.4250013E-01   4.0666127E-01   5.4943448E-01   3.4532924E-01   2.5603372E-01   5.2013707E-03   6.7703444E-02   4.5207493E-02  
 6.9831555E+04   1.7934722E+00   3.0618804E-02   4.4173182E-01   5.3714951E-02   8.9048777E-01   3.8927884E+02   7.2112638E+00   9.4597796E-01   7.6867752E+01   3.8850546E+02   4.3248392E+01   6.3122126E-02   4.4263843E-01   4.7711503E-02   1.1122837E-01  -7.9283406E-01   2.9946323E+00   5.0359490E-02   4.1029991E-01   2.3463867E-01   1.7267703E-01   1.1507577E+00   2.1582396E+00   3.9877126E-01   6.6022794E-02   8.2306837E-01   3.5444989E-01   9.2553246E-01   1.7528767E-01   7.0894600E-01   4.3719975E-01   8.2112893E-01  
 6.8271533E+04   1.5244514E+00   3.0618804E-02   4.4173182E-01   5.3714951E-02   8.9048777E-01   3.8927884E+02   7.2112638E+00   9.4597796E-01   7.6867752E+01   3.8850546E+02   4.3248392E+01   6.3122126E-02   4.4263843E-01   4.7711503E-02   1.1122837E-01  -7.9283406E-01   2.9946323E+00   5.0359490E-02   4.1029991E-01   2.3463867E-01   1.7267703E-01   1.1507577E+00   2.1582396E+00   3.9877126E-01   6.6022794E-02   8.2306837E-01   3.5444989E-01   9.2553246E-01   1.7528767E-01   7.0894600E-01   4.3719975E-01   8.2112893E-01  
 6.9903524E+04   1.7934722E+00   3.5211625E-02   4.4173182E-01   5.3714951E-02   8.9048777E-01   3.8927884E+02   7.2112638E+00   9.4597796E-01   7.6867752E+01   3.8850546E+02   4.3248392E+01   6.3122126E-02   4.4263843E-01   4.7711503E-02   1.1122837E-01  -7.9283406E-01   2.9946323E+00   5.0359490E-02   4.1029991E-01   2.3463867E-01   1.7267703E-01   1.1507577E+00   2.1582396E+00   3.9877126E-01   6.6022794E-02   8.2306837E-01   3.5444989E-01   9.2553246E-01   1.7528767E-01   7.0894600E-01   4.3719975E-01   8.2112893E-01  
 7.0660817E+04   1.7934722E+00   3.0618804E-02   3.7547205E-01   5.3714951E-02   8.9048777E-01   3.8927884E+02   7.2112638E+00   9.4597796E-01   7.6867752E+01   3.8850546E+02   4.3248392E+01   6.3122126E-02   4.4263843E-01   4.7711503E-02   1.1122837E-01  -7.9283406E-01   2.9946323E+00   5.0359490E-02   4.1029991E-01   2.3463867E-01   1.7267703E-01   1.1507577E+00   2.1582396E+00   3.9877126E-01   6.6022794E-02   8.2306837E-01   3.5444989E-01   9.2553246E-01   1.7528767E-01   7.0894600E-01   4.3719975E-01   8.2112893E-01  
 6.9794963E+04   1.7934722E+00   3.0618804E-02   4.4173182E-01   4.5657708E-02   8.9048777E-01   3.8927884E+02   7.2112638E+00   9.4597796E-01   7.6867752E+01   3.8850546E+02   4.3248392E+01   6.3122126E-02   4.4263843E-01   4.7711503E-02   1.1122837E-01  -7.9283406E-01   2.9946323E+00   5.0359490E-02   4.1029991E-01   2.3463867E-01   1.7267703E-01   1.1507577E+00   2.1582396E+00   3.9877126E-01   6.6022794E-02   8.2306837E-01   3.5444989E-01   9.2553246E-01   1.7528767E-01   7.0894600E-01   4.3719975E-01   8.2112893E-01  
 6.9831555E+04   1.7934722E+00   3.0618804E-02   4.4173182E-01   5.3714951E-02   1.0240609E+00   3.8927884E+02   7.2112638E+00   9.4597796E-01   7.6867752E+01   3.8850546E+02   4.3248392E+01   6.3122126E-02   4.4263843E-01   4.7711503E-02   1.1122837E-01  -7.9283406E-01   2.9946323E+00   5.0359490E-02   4.1029991E-01   2.3463867E-01   1.7267703E-01   1.1507577E+00   2.1582396E+00   3.9877126E-01   6.6022794E-02   8.2306837E-01   3.5444989E-01   9.2553246E-01   1.7528767E-01   7.0894600E-01   4.3719975E-01   8.2112893E-01  
 1.6748866E+05   1.7934722E+00   3.0618804E-02   4.4173182E-01   5.3714951E-02   8.9048777E-01   3.3088701E+02   7.2112638E+00   9.4597796E-01   7.6867752E+01   3.8850546E+02   4.3248392E+01   6.3122126E-02   4.4263843E-01   4.7711503E-02   1.1122837E-01  -7.9283406E-01   2.9946323E+00   5.0359490E-02   4.1029991E-01   2.3463867E-01   1.7267703E-01   1.1507577E+00   2.1582396E+00   3.9877126E-01   6.6022794E-02   8.2306837E-01   3.5444989E-01   9.2553246E-01   1.7528767E-01   7.0894600E-01   4.3719975E-01   8.2112893E-01  
 6.9831555E+04   1.7934722E+00   3.0618804E-02   4.4173182E-01   5.3714951E-02   8.9048777E-01   3.8927884E+02   8.2929534E+00   9.4597796E-01   7.6867752E+01   3.8850546E+02   4.3248392E+01   6.3122126E-02   4.4263843E-01   4.7711503E-02   1.1122837E-01  -7.9283406E-01   2.9946323E+00   5.0359490E-02   4.1029991E-01   2.3463867E-01   1.7267703E-01   1.1507577E+00   2.1582396E+00   3.9877126E-01   6.6022794E-02   8.2306837E-01   3.5444989E-01   9.2553246E-01   1.7528767E-01   7.0894600E-01   4.3719975E-01   8.2112893E-01  
 6.9831555E+04   1.7934722E+00   3.0618804E-02   4.4173182E-01   5.3714951E-02   8.9048777E-01   3.8927884E+02   7.2112638E+00   1.0878747E+00   7.6867752E+01   3.8850546E+02   4.3248392E+01   6.3122126E-02   4.4263843E-01   4.7711503E-02   1.1122837E-01  -7.9283406E-01   2.9946323E+00   5.0359490E-02   4.1029991E-01   2.3463867E-01   1.7267703E-01   1.1507577E+00   2.1582396E+00   3.9877126E-01   6.6022794E-02   8.2306837E-01   3.5444989E-01   9.2553246E-01   1.7528767E-01   7.0894600E-01   4.3719975E-01   8.2112893E-01  
 6.9831555E+04   1.7934722E+00   3.0618804E-02   4.4173182E-01   5.3714951E-02   8.9048777E-01   3.8927884E+02   7.2112638E+00   9.4597796E-01   8.8397915E+01   3.8850546E+02   4.3248392E+01   6.3122126E-02   4.4263843E-01   4.7711503E-02   1.1122837E-01  -7.9283406E-01   2.9946323E+00   5.0359490E-02   4.1029991E-01   2.3463867E-01   1.7267703E-01   1.1507577E+00   2.1582396E+00   3.9877126E-01   6.6022794E-02   8.2306837E-01   3.5444989E-01   9.2553246E-01   1.7528767E-01   7.0894600E-01   4.3719975E-01   8.2112893E-01  
 6.9831555E+04   1.7934722E+00   3.0618804E-02   4.4173182E-01   5.3714951E-02   8.9048777E-01   3.8927884E+02   7.2112638E+00   9.4597796E-01   7.6867752E+01   3.3022964E+02   4.3248392E+01   6.3122126E-02   4.4263843E-01   4.7711503E-02   1.1122837E-01  -7.9283406E-01   2.9946323E+00   5.0359490E-02   4.1029991E-01   2.3463867E-01   1.7267703E-01   1.1507577E+00   2.1582396E+00   3.9877126E-01   6.6022794E-02   8.2306837E-01   3.5444989E-01   9.2553246E-01   1.7528767E-01   7.0894600E-01   4.3719975E-01   8.2112893E-01  
 6.7817244E+04   1.7934722E+00   3.0618804E-02   4.4173182E-01   5.3714951E-02   8.9048777E-01   3.8927884E+02   7.2112638E+00   9.4597796E-01   7.6867752E+01   3.8850546E+02   3.6761133E+01   6.3122126E-02   4.4263843E-01   4.7711503E-02   1.1122837E-01  -7.9283406E-01   2.9946323E+00   5.0359490E-02   4.1029991E-01   2.3463867E-01   1.7267703E-01   1.1507577E+00   2.1582396E+00   3.9877126E-01   6.6022794E-02   8.2306837E-01   3.5444989E-01   9.2553246E-01   1.7528767E-01   7.0894600E-01   4.3719975E-01   8.2112893E-01  
 6.9962873E+04   1.7934722E+00   3.0618804E-02   4.4173182E-01   5.3714951E-02   8.9048777E-01   3.8927884E+02   7.2112638E+00   9.4597796E-01   7.6867752E+01   3.8850546E+02   4.3248392E+01   5.3653807E-02   4.4263843E-01   4.7711503E-02   1.1122837E-01  -7.9283406E-01   2.9946323E+00   5.0359490E-02   4.1029991E-01   2.3463867E-01   1.7267703E-01   1.1507577E+00   2.1582396E+00   3.9877126E-01   6.6022794E-02   8.2306837E-01   3.5444989E-01   9.2553246E-01   1.7528767E-01   7.0894600E-01   4.3719975E-01   8.2112893E-01  
 7.1114712E+04   1.7934722E+00   3.0618804E-02   4.4173182E-01   5.3714951E-02   8.9048777E-01   3.8927884E+02   7.2112638E+00   9.4597796E-01   7.6867752E+01   3.8850546E+02   4.3248392E+01   6.3122126E-02   3.7624266E-01   4.7711503E-02   1.1122837E-01  -7.9283406E-01   2.9946323E+00   5.0359490E-02   4.1029991E-01   2.3463867E-01   1.7267703E-01   1.1507577E+00   2.1582396E+00   3.9877126E-01   6.6022794E-02   8.2306837E-01   3.5444989E-01   9.2553246E-01   1.7528767E-01   7.0894600E-01   4.3719975E-01   8.2112893E-01  
 6.9896999E+04   1.7934722E+00   3.0618804E-02   4.4173182E-01   5.3714951E-02   8.9048777E-01   3.8927884E+02   7.2112638E+00   9.4597796E-01   7.6867752E+01   3.8850546E+02   4.3248392E+01   6.3122126E-02   4.4263843E-01   4.0554777E-02   1.1122837E-01  -7.9283406E-01   2.9946323E+00   5.0359490E-02   4.1029991E-01   2.3463867E-01   1.7267703E-01   1.1507577E+00   2.1582396E+00   3.9877126E-01   6.6022794E-02   8.2306837E-01   3.5444989E-01   9.2553246E-01   1.7528767E-01   7.0894600E-01   4.3719975E-01   8.2112893E-01  
 7.0154740E+04   1.7934722E+00   3.0618804E-02   4.4173182E-01   5.3714951E-02   8.9048777E-01   3.8927884E+02   7.2112638E+00   9.4597796E-01   7.6867752E+01   3.8850546E+02   4.3248392E+01   6.3122126E-02   4.4263843E-01   4.7711503E-02   9.4544116E-02  -7.9283406E-01   2.9946323E+00   5.0359490E-02   4.1029991E-01   2.3463867E-01   1.7267703E-01   1.1507577E+00   2.1582396E+00   3.9877126E-01   6.6022794E-02   8.2306837E-01   3.5444989E-01   9.2553246E-01   1.7528767E-01   7.0894600E-01   4.3719975E-01   8.2112893E-01  
 7.0185721E+04   1.7934722E+00   3.0618804E-02   4.4173182E-01   5.3714951E-02   8.9048777E-01   3.8927884E+02   7.2112638E+00   9.4597796E-01   7.6867752E+01   3.8850546E+02   4.3248392E+01   6.3122126E-02   4.4263843E-01   4.7711503E-02   1.1122837E-01  -6.7390895E-01   2.9946323E+00   5.0359490E-02   4.1029991E-01   2.3463867E-01   1.7267703E-01   1.1507577E+00   2.1582396E+00   3.9877126E-01   6.6022794E-02   8.2306837E-01   3.5444989E-01   9.2553246E-01   1.7528767E-01   7.0894600E-01   4.3719975E-01   8.2112893E-01  
 6.9694888E+04   1.7934722E+00   3.0618804E-02   4.4173182E-01   5.3714951E-02   8.9048777E-01   3.8927884E+02   7.2112638E+00   9.4597796E-01   7.6867752E+01   3.8850546E+02   4.3248392E+01   6.3122126E-02   4.4263843E-01   4.7711503E-02   1.1122837E-01  -7.9283406E-01   2.5454374E+00   5.0359490E-02   4.1029991E-01   2.3463867E-01   1.7267703E-01   1.1507577E+00   2.1582396E+00   3.9877126E-01   6.6022794E-02   8.2306837E-01   3.5444989E-01   9.2553246E-01   1.7528767E-01   7.0894600E-01   4.3719975E-01   8.2112893E-01  
 6.9886128E+04   1.7934722E+00   3.0618804E-02   4.4173182E-01   5.3714951E-02   8.9048777E-01   3.8927884E+02   7.2112638E+00   9.4597796E-01   7.6867752E+01   3.8850546E+02   4.3248392E+01   6.3122126E-02   4.4263843E-01   4.7711503E-02   1.1122837E-01  -7.9283406E-01   2.9946323E+00   4.2805566E-02   4.1029991E-01   2.3463867E-01   1.7267703E-01   1.1507577E+00   2.1582396E+00   3.9877126E-01   6.6022794E-02   8.2306837E-01   3.5444989E-01   9.2553246E-01   1.7528767E-01   7.0894600E-01   4.3719975E-01   8.2112893E-01  
 6.9933879E+04   1.7934722E+00   3.0618804E-02   4.4173182E-01   5.3714951E-02   8.9048777E-01   3.8927884E+02   7.2112638E+00   9.4597796E-01   7.6867752E+01   3.8850546E+02   4.3248392E+01   6.3122126E-02   4.4263843E-01   4.7711503E-02   1.1122837E-01  -7.9283406E-01   2.9946323E+00   5.0359490E-02   4.7184490E-01   2.3463867E-01   1.7267703E-01   1.1507577E+00   2.1582396E+00   3.9877126E-01   6.6022794E-02   8.2306837E-01   3.5444989E-01   9.2553246E-01   1.7528767E-01   7.0894600E-01   4.3719975E-01   8.2112893E-01  
 6.9831496E+04   1.7934722E+00   3.0618804E-02   4.4173182E-01   5.3714951E-02   8.9048777E-01   3.8927884E+02   7.2112638E+00   9.4597796E-01   7.6867752E+01   3.8850546E+02   4.3248392E+01   6.3122126E-02   4.4263843E-01   4.7711503E-02   1.1122837E-01  -7.9283406E-01   2.9946323E+00   5.0359490E-02   4.1029991E-01   1.9944287E-01   1.7267703E-01   1.1507577E+00   2.1582396E+00   3.9877126E-01   6.6022794E-02   8.2306837E-01   3.5444989E-01   9.2553246E-01   1.7528767E-01   7.0894600E-01   4.3719975E-01   8.2112893E-01  
 6.9850575E+04   1.7934722E+00   3.0618804E-02   4.4173182E-01   5.3714951E-02   8.9048777E-01   3.8927884E+02   7.2112638E+00   9.4597796E-01   7.6867752E+01   3.8850546E+02   4.3248392E+01   6.3122126E-02   4.4263843E-01   4.7711503E-02   1.1122837E-01  -7.9283406E-01   2.9946323E+00   5.0359490E-02   4.1029991E-01   2.3463867E-01   1.4677547E-01   1.1507577E+00   2.1582396E+00   3.9877126E-01   6.6022794E-02   8.2306837E-01   3.5444989E-01   9.2553246E-01   1.7528767E-01   7.0894600E-01   4.3719975E-01   8.2112893E-01  
 6.9814071E+04   1.7934722E+00   3.0618804E-02   4.4173182E-01   5.3714951E-02   8.9048777E-01   3.8927884E+02   7.2112638E+00   9.4597796E-01   7.6867752E+01   3.8850546E+02   4.3248392E+01   6.3122126E-02   4.4263843E-01   4.7711503E-02   1.1122837E-01  -7.9283406E-01   2.9946323E+00   5.0359490E-02   4.1029991E-01   2.3463867E-01   1.7267703E-01   1.3233713E+00   2.1582396E+00   3.9877126E-01   6.6022794E-02   8.2306837E-01   3.5444989E-01   9.2553246E-01   1.7528767E-01   7.0894600E-01   4.3719975E-01   8.2112893E-01  
 6.9831555E+04   1.7934722E+00   3.0618804E-02   4.4173182E-01   5.3714951E-02   8.9048777E-01   3.8927884E+02   7.2112638E+00   9.4597796E-01   7.6867752E+01   3.8850546E+02   4.3248392E+01   6.3122126E-02   4.4263843E-01   4.7711503E-02   1.1122837E-01  -7.9283406E-01   2.9946323E+00   5.0359490E-02   4.1029991E-01   2.3463867E-01   1.7267703E-01   1.1507577E+00   2.4819755E+00   3.9877126E-01   6.6022794E-02   8.2306837E-01   3.5444989E-01   9.2553246E-01   1.7528767E-01   7.0894600E-01   4.3719975E-01   8.2112893E-01  
 6.9826313E+04   1.7934722E+00   3.0618804E-02   4.4173182E-01   5.3714951E-02   8.9048777E-01   3.8927884E+02   7.2112638E+00   9.4597796E-01   7.6867752E+01   3.8850546E+02   4.3248392E+01   6.3122126E-02   4.4263843E-01   4.7711503E-02   1.1122837E-01  -7.9283406E-01   2.9946323E+00   5.0359490E-02   4.1029991E-01   2.3463867E-01   1.7267703E-01   1.1507577E+00   2.1582396E+00   3.3895557E-01   6.6022794E-02   8.2306837E-01   3.5444989E-01   9.2553246E-01   1.7528767E-01   7.0894600E-01   4.3719975E-01   8.2112893E-01  
 6.9904381E+04   1.7934722E+00   3.0618804E-02   4.4173182E-01   5.3714951E-02   8.9048777E-01   3.8927884E+02   7.2112638E+00   9.4597796E-01   7.6867752E+01   3.8850546E+02   4.3248392E+01   6.3122126E-02   4.4263843E-01   4.7711503E-02   1.1122837E-01  -7.9283406E-01   2.9946323E+00   5.0359490E-02   4.1029991E-01   2.3463867E-01   1.7267703E-01   1.1507577E+00   2.1582396E+00   3.9877126E-01   7.5926213E-02   8.2306837E-01   3.5444989E-01   9.2553246E-01   1.7528767E-01   7.0894600E-01   4.3719975E-01   8.2112893E-01  
 6.9880962E+04   1.7934722E+00   3.0618804E-02   4.4173182E-01   5.3714951E-02   8.9048777E-01   3.8927884E+02   7.2112638E+00   9.4597796E-01   7.6867752E+01   3.8850546E+02   4.3248392E+01   6.3122126E-02   4.4263843E-01   4.7711503E-02   1.1122837E-01  -7.9283406E-01   2.9946323E+00   5.0359490E-02   4.1029991E-01   2.3463867E-01   1.7267703E-01   1.1507577E+00   2.1582396E+00   3.9877126E-01   6.6022794E-02   6.9960811E-01   3.5444989E-01   9.2553246E-01   1.7528767E-01   7.0894600E-01   4.3719975E-01   8.2112893E-01  
 6.9861864E+04   1.7934722E+00   3.0618804E-02   4.4173182E-01   5.3714951E-02   8.9048777E-01   3.8927884E+02   7.2112638E+00   9.4597796E-01   7.6867752E+01   3.8850546E+02   4.3248392E+01   6.3122126E-02   4.4263843E-01   4.7711503E-02   1.1122837E-01  -7.9283406E-01   2.9946323E+00   5.0359490E-02   4.1029991E-01   2.3463867E-01   1.7267703E-01   1.1507577E+00   2.1582396E+00   3.9877126E-01   6.6022794E-02   8.2306837E-01   4.0761737E-01   9.2553246E-01   1.7528767E-01   7.0894600E-01   4.3719975E-01   8.2112893E-01  
 6.9846921E+04   1.7934722E+00   3.0618804E-02   4.4173182E-01   5.3714951E-02   8.9048777E-01   3.8927884E+02   7.2112638E+00   9.4597796E-01   7.6867752E+01   3.8850546E+02   4.3248392E+01   6.3122126E-02   4.4263843E-01   4.7711503E-02   1.1122837E-01  -7.9283406E-01   2.9946323E+00   5.0359490E-02   4.1029991E-01   2.3463867E-01   1.7267703E-01   1.1507577E+00   2.1582396E+00   3.9877126E-01   6.6022794E-02   8.2306837E-01   3.5444989E-01   1.0643623E+00   1.7528767E-01   7.0894600E-01   4.3719975E-01   8.2112893E-01  
 6.9827502E+04   1.7934722E+00   3.0618804E-02   4.4173182E-01   5.3714951E-02   8.9048777E-01   3.8927884E+02   7.2112638E+00   9.4597796E-01   7.6867752E+01   3.8850546E+02   4.3248392E+01   6.3122126E-02   4.4263843E-01   4.7711503E-02   1.1122837E-01  -7.9283406E-01   2.9946323E+00   5.0359490E-02   4.1029991E-01   2.3463867E-01   1.7267703E-01   1.1507577E+00   2.1582396E+00   3.9877126E-01   6.6022794E-02   8.2306837E-01   3.5444989E-01   9.2553246E-01   1.4899452E-01   7.0894600E-01   4.3719975E-01   8.2112893E-01  
 6.9831529E+04   1.7934722E+00   3.0618804E-02   4.4173182E-01   5.3714951E-02   8.9048777E-01   3.8927884E+02   7.2112638E+00   9.4597796E-01   7.6867752E+01   3.8850546E+02   4.3248392E+01   6.3122126E-02   4.4263843E-01   4.7711503E-02   1.1122837E-01  -7.9283406E-01   2.9946323E+00   5.0359490E-02   4.1029991E-01   2.3463867E-01   1.7267703E-01   1.1507577E+00   2.1582396E+00   3.9877126E-01   6.6022794E-02   8.2306837E-01   3.5444989E-01   9.2553246E-01   1.7528767E-01   6.0260410E-01   4.3719975E-01   8.2112893E-01  
 6.9831555E+04   1.7934722E+00   3.0618804E-02   4.4173182E-01   5.3714951E-02   8.9048777E-01   3.8927884E+02   7.2112638E+00   9.4597796E-01   7.6867752E+01   3.8850546E+02   4.3248392E+01   6.3122126E-02   4.4263843E-01   4.7711503E-02   1.1122837E-01  -7.9283406E-01   2.9946323E+00   5.0359490E-02   4.1029991E-01   2.3463867E-01   1.7267703E-01   1.1507577E+00   2.1582396E+00   3.9877126E-01   6.6022794E-02   8.2306837E-01   3.5444989E-01   9.2553246E-01   1.7528767E-01   7.0894600E-01   5.0277972E-01   8.2112893E-01  
 6.9831555E+04   1.7934722E+00   3.0618804E-02   4.4173182E-01   5.3714951E-02   8.9048777E-01   3.8927884E+02   7.2112638E+00   9.4597796E-01   7.6867752E+01   3.8850546E+02   4.3248392E+01   6.3122126E-02   4.4263843E-01   4.7711503E-02   1.1122837E-01  -7.9283406E-01   2.9946323E+00   5.0359490E-02   4.1029991E-01   2.3463867E-01   1.7267703E-01   1.1507577E+00   2.1582396E+00   3.9877126E-01   6.6022794E-02   8.2306837E-01   3.5444989E-01   9.2553246E-01   1.7528767E-01   7.0894600E-01   4.3719975E-01   9.4429828E-01  
 8.0543065E+04   2.2238644E+00   3.5255691E-03   5.5707280E-01   6.6512330E-02   4.6728355E-01   4.9357317E+02   7.1410016E-01   6.5246475E-01   9.4866906E+01   2.7457718E+02   9.1612333E+01   2.0578044E-01   2.5987770E-01   1.9849271E-01   2.0395208E-01  -2.0185594E-01   4.7336860E+00   1.1290890E-01   3.2842330E-01   2.8493685E-01   4.5036456E-01   9.9128010E-01   3.6131393E+00   5.0020688E-01   6.5427656E-01   6.9681380E-01   6.8069667E-01   2.7790061E-02   7.0011378E-01   3.6336491E-01   3.5558301E-01   6.9043404E-01  
 8.1875780E+04   2.5574441E+00   3.5255691E-03   5.5707280E-01   6.6512330E-02   4.6728355E-01   4.9357317E+02   7.1410016E-01   6.5246475E-01   9.4866906E+01   2.7457718E+02   9.1612333E+01   2.0578044E-01   2.5987770E-01   1.9849271E-01   2.0395208E-01  -2.0185594E-01   4.7336860E+00   1.1290890E-01   3.2842330E-01   2.8493685E-01   4.5036456E-01   9.9128010E-01   3.6131393E+00   5.0020688E-01   6.5427656E-01   6.9681380E-01   6.8069667E-01   2.7790061E-02   7.0011378E-01   3.6336491E-01   3.5558301E-01   6.9043404E-01  
 8.0398488E+04   2.2238644E+00   2.9967337E-03   5.5707280E-01   6.6512330E-02   4.6728355E-01   4.9357317E+02   7.1410016E-01   6.5246475E-01   9.4866906E+01   2.7457718E+02   9.1612333E+01   2.0578044E-01   2.5987770E-01   1.9849271E-01   2.0395208E-01  -2.0185594E-01   4.7336860E+00   1.1290890E-01   3.2842330E-01   2.8493685E-01   4.5036456E-01   9.9128010E-01   3.6131393E+00   5.0020688E-01   6.5427656E-01   6.9681380E-01   6.8069667E-01   2.7790061E-02   7.0011378E-01   3.6336491E-01   3.5558301E-01   6.9043404E-01  
 8.0278812E+04   2.2238644E+00   3.5255691E-03   6.4063372E-01   6.6512330E-02   4.6728355E-01   4.9357317E+02   7.1410016E-01   6.5246475E-01   9.4866906E+01   2.7457718E+02   9.1612333E+01   2.0578044E-01   2.5987770E-01   1.9849271E-01   2.0395208E-01  -2.0185594E-01   4.7336860E+00   1.1290890E-01   3.2842330E-01   2.8493685E-01   4.5036456E-01   9.9128010E-01   3.6131393E+00   5.0020688E-01   6.5427656E-01   6.9681380E-01   6.8069667E-01   2.7790061E-02   7.0011378E-01   3.6336491E-01   3.5558301E-01   6.9043404E-01  
 8.0874891E+04   2.2238644E+00   3.5255691E-03   5.5707280E-01   5.6535481E-02   4.6728355E-01   4.9357317E+02   7.1410016E-01   6.5246475E-01   9.4866906E+01   2.7457718E+02   9.1612333E+01   2.0578044E-01   2.5987770E-01   1.9849271E-01   2.0395208E-01  -2.0185594E-01   4.7336860E+00   1.1290890E-01   3.2842330E-01   2.8493685E-01   4.5036456E-01   9.9128010E-01   3.6131393E+00   5.0020688E-01   6.5427656E-01   6.9681380E-01   6.8069667E-01   2.7790061E-02   7.0011378E-01   3.6336491E-01   3.5558301E-01   6.9043404E-01  
 8.0543065E+04   2.2238644E+00   3.5255691E-03   5.5707280E-01   6.6512330E-02   3.9719102E-01   4.9357317E+02   7.1410016E-01   6.5246475E-01   9.4866906E+01   2.7457718E+02   9.1612333E+01   2.0578044E-01   2.5987770E-01   1.9849271E-01   2.0395208E-01  -2.0185594E-01   4.7336860E+00   1.1290890E-01   3.2842330E-01   2.8493685E-01   4.5036456E-01   9.9128010E-01   3.6131393E+00   5.0020688E-01   6.5427656E-01   6.9681380E-01   6.8069667E-01   2.7790061E-02   7.0011378E-01   3.6336491E-01   3.5558301E-01   6.9043404E-01  
 8.0498294E+04   2.2238644E+00   3.5255691E-03   5.5707280E-01   6.6512330E-02   4.6728355E-01   4.1953719E+02   7.1410016E-01   6.5246475E-01   9.4866906E+01   2.7457718E+02   9.1612333E+01   2.0578044E-01   2.5987770E-01   1.9849271E-01   2.0395208E-01  -2.0185594E-01   4.7336860E+00   1.1290890E-01   3.2842330E-01   2.8493685E-01   4.5036456E-01   9.9128010E-01   3.6131393E+00   5.0020688E-01   6.5427656E-01   6.9681380E-01   6.8069667E-01   2.7790061E-02   7.0011378E-01   3.6336491E-01   3.5558301E-01   6.9043404E-01  
 8.0543065E+04   2.2238644E+00   3.5255691E-03   5.5707280E-01   6.6512330E-02   4.6728355E-01   4.9357317E+02   8.2121518E-01   6.5246475E-01   9.4866906E+01   2.7457718E+02   9.1612333E+01   2.0578044E-01   2.5987770E-01   1.9849271E-01   2.0395208E-01  -2.0185594E-01   4.7336860E+00   1.1290890E-01   3.2842330E-01   2.8493685E-01   4.5036456E-01   9.9128010E-01   3.6131393E+00   5.0020688E-01   6.5427656E-01   6.9681380E-01   6.8069667E-01   2.7790061E-02   7.0011378E-01   3.6336491E-01   3.5558301E-01   6.9043404E-01  
 8.0543065E+04   2.2238644E+00   3.5255691E-03   5.5707280E-01   6.6512330E-02   4.6728355E-01   4.9357317E+02   7.1410016E-01   7.5033447E-01   9.4866906E+01   2.7457718E+02   9.1612333E+01   2.0578044E-01   2.5987770E-01   1.9849271E-01   2.0395208E-01  -2.0185594E-01   4.7336860E+00   1.1290890E-01   3.2842330E-01   2.8493685E-01   4.5036456E-01   9.9128010E-01   3.6131393E+00   5.0020688E-01   6.5427656E-01   6.9681380E-01   6.8069667E-01   2.7790061E-02   7.0011378E-01   3.6336491E-01   3.5558301E-01   6.9043404E-01  
 8.0543065E+04   2.2238644E+00   3.5255691E-03   5.5707280E-01   6.6512330E-02   4.6728355E-01   4.9357317E+02   7.1410016E-01   6.5246475E-01   1.0909694E+02   2.7457718E+02   9.1612333E+01   2.0578044E-01   2.5987770E-01   1.9849271E-01   2.0395208E-01  -2.0185594E-01   4.7336860E+00   1.1290890E-01   3.2842330E-01   2.8493685E-01   4.5036456E-01   9.9128010E-01   3.6131393E+00   5.0020688E-01   6.5427656E-01   6.9681380E-01   6.8069667E-01   2.7790061E-02   7.0011378E-01   3.6336491E-01   3.5558301E-01   6.9043404E-01  
 8.0543065E+04   2.2238644E+00   3.5255691E-03   5.5707280E-01   6.6512330E-02   4.6728355E-01   4.9357317E+02   7.1410016E-01   6.5246475E-01   9.4866906E+01   2.3339060E+02   9.1612333E+01   2.0578044E-01   2.5987770E-01   1.9849271E-01   2.0395208E-01  -2.0185594E-01   4.7336860E+00   1.1290890E-01   3.2842330E-01   2.8493685E-01   4.5036456E-01   9.9128010E-01   3.6131393E+00   5.0020688E-01   6.5427656E-01   6.9681380E-01   6.8069667E-01   2.7790061E-02   7.0011378E-01   3.6336491E-01   3.5558301E-01   6.9043404E-01  
 8.1960003E+04   2.2238644E+00   3.5255691E-03   5.5707280E-01   6.6512330E-02   4.6728355E-01   4.9357317E+02   7.1410016E-01   6.5246475E-01   9.4866906E+01   2.7457718E+02   1.0535418E+02   2.0578044E-01   2.5987770E-01   1.9849271E-01   2.0395208E-01  -2.0185594E-01   4.7336860E+00   1.1290890E-01   3.2842330E-01   2.8493685E-01   4.5036456E-01   9.9128010E-01   3.6131393E+00   5.0020688E-01   6.5427656E-01   6.9681380E-01   6.8069667E-01   2.7790061E-02   7.0011378E-01   3.6336491E-01   3.5558301E-01   6.9043404E-01  
 8.0287150E+04   2.2238644E+00   3.5255691E-03   5.5707280E-01   6.6512330E-02   4.6728355E-01   4.9357317E+02   7.1410016E-01   6.5246475E-01   9.4866906E+01   2.7457718E+02   9.1612333E+01   2.3664750E-01   2.5987770E-01   1.9849271E-01   2.0395208E-01  -2.0185594E-01   4.7336860E+00   1.1290890E-01   3.2842330E-01   2.8493685E-01   4.5036456E-01   9.9128010E-01   3.6131393E+00   5.0020688E-01   6.5427656E-01   6.9681380E-01   6.8069667E-01   2.7790061E-02   7.0011378E-01   3.6336491E-01   3.5558301E-01   6.9043404E-01  
 8.0098316E+04   2.2238644E+00   3.5255691E-03   5.5707280E-01   6.6512330E-02   4.6728355E-01   4.9357317E+02   7.1410016E-01   6.5246475E-01   9.4866906E+01   2.7457718E+02   9.1612333E+01   2.0578044E-01   2.9885935E-01   1.9849271E-01   2.0395208E-01  -2.0185594E-01   4.7336860E+00   1.1290890E-01   3.2842330E-01   2.8493685E-01   4.5036456E-01   9.9128010E-01   3.6131393E+00   5.0020688E-01   6.5427656E-01   6.9681380E-01   6.8069667E-01   2.7790061E-02   7.0011378E-01   3.6336491E-01   3.5558301E-01   6.9043404E-01  
 7.9973358E+04   2.2238644E+00   3.5255691E-03   5.5707280E-01   6.6512330E-02   4.6728355E-01   4.9357317E+02   7.1410016E-01   6.5246475E-01   9.4866906E+01   2.7457718E+02   9.1612333E+01   2.0578044E-01   2.5987770E-01   2.2826662E-01   2.0395208E-01  -2.0185594E-01   4.7336860E+00   1.1290890E-01   3.2842330E-01   2.8493685E-01   4.5036456E-01   9.9128010E-01   3.6131393E+00   5.0020688E-01   6.5427656E-01   6.9681380E-01   6.8069667E-01   2.7790061E-02   7.0011378E-01   3.6336491E-01   3.5558301E-01   6.9043404E-01  
 8.0764039E+04   2.2238644E+00   3.5255691E-03   5.5707280E-01   6.6512330E-02   4.6728355E-01   4.9357317E+02   7.1410016E-01   6.5246475E-01   9.4866906E+01   2.7457718E+02   9.1612333E+01   2.0578044E-01   2.5987770E-01   1.9849271E-01   1.7335927E-01  -2.0185594E-01   4.7336860E+00   1.1290890E-01   3.2842330E-01   2.8493685E-01   4.5036456E-01   9.9128010E-01   3.6131393E+00   5.0020688E-01   6.5427656E-01   6.9681380E-01   6.8069667E-01   2.7790061E-02   7.0011378E-01   3.6336491E-01   3.5558301E-01   6.9043404E-01  
 8.0717958E+04   2.2238644E+00   3.5255691E-03   5.5707280E-01   6.6512330E-02   4.6728355E-01   4.9357317E+02   7.1410016E-01   6.5246475E-01   9.4866906E+01   2.7457718E+02   9.1612333E+01   2.0578044E-01   2.5987770E-01   1.9849271E-01   2.0395208E-01  -1.7157755E-01   4.7336860E+00   1.1290890E-01   3.2842330E-01   2.8493685E-01   4.5036456E-01   9.9128010E-01   3.6131393E+00   5.0020688E-01   6.5427656E-01   6.9681380E-01   6.8069667E-01   2.7790061E-02   7.0011378E-01   3.6336491E-01   3.5558301E-01   6.9043404E-01  
 8.0752069E+04   2.2238644E+00   3.5255691E-03   5.5707280E-01   6.6512330E-02   4.6728355E-01   4.9357317E+02   7.1410016E-01   6.5246475E-01   9.4866906E+01   2.7457718E+02   9.1612333E+01   2.0578044E-01   2.5987770E-01   1.9849271E-01   2.0395208E-01  -2.0185594E-01   4.0236331E+00   1.1290890E-01   3.2842330E-01   2.8493685E-01   4.5036456E-01   9.9128010E-01   3.6131393E+00   5.0020688E-01   6.5427656E-01   6.9681380E-01   6.8069667E-01   2.7790061E-02   7.0011378E-01   3.6336491E-01   3.5558301E-01   6.9043404E-01  
 8.0740656E+04   2.2238644E+00   3.5255691E-03   5.5707280E-01   6.6512330E-02   4.6728355E-01   4.9357317E+02   7.1410016E-01   6.5246475E-01   9.4866906E+01   2.7457718E+02   9.1612333E+01   2.0578044E-01   2.5987770E-01   1.9849271E-01   2.0395208E-01  -2.0185594E-01   4.7336860E+00   9.5972568E-02   3.2842330E-01   2.8493685E-01   4.5036456E-01   9.9128010E-01   3.6131393E+00   5.0020688E-01   6.5427656E-01   6.9681380E-01   6.8069667E-01   2.7790061E-02   7.0011378E-01   3.6336491E-01   3.5558301E-01   6.9043404E-01  
 8.0563754E+04   2.2238644E+00   3.5255691E-03   5.5707280E-01   6.6512330E-02   4.6728355E-01   4.9357317E+02   7.1410016E-01   6.5246475E-01   9.4866906E+01   2.7457718E+02   9.1612333E+01   2.0578044E-01   2.5987770E-01   1.9849271E-01   2.0395208E-01  -2.0185594E-01   4.7336860E+00   1.1290890E-01   2.7915980E-01   2.8493685E-01   4.5036456E-01   9.9128010E-01   3.6131393E+00   5.0020688E-01   6.5427656E-01   6.9681380E-01   6.8069667E-01   2.7790061E-02   7.0011378E-01   3.6336491E-01   3.5558301E-01   6.9043404E-01  
 8.0749889E+04   2.2238644E+00   3.5255691E-03   5.5707280E-01   6.6512330E-02   4.6728355E-01   4.9357317E+02   7.1410016E-01   6.5246475E-01   9.4866906E+01   2.7457718E+02   9.1612333E+01   2.0578044E-01   2.5987770E-01   1.9849271E-01   2.0395208E-01  -2.0185594E-01   4.7336860E+00   1.1290890E-01   3.2842330E-01   2.4219632E-01   4.5036456E-01   9.9128010E-01   3.6131393E+00   5.0020688E-01   6.5427656E-01   6.9681380E-01   6.8069667E-01   2.7790061E-02   7.0011378E-01   3.6336491E-01   3.5558301E-01   6.9043404E-01  
 8.0564884E+04   2.2238644E+00   3.5255691E-03   5.5707280E-01   6.6512330E-02   4.6728355E-01   4.9357317E+02   7.1410016E-01   6.5246475E-01   9.4866906E+01   2.7457718E+02   9.1612333E+01   2.0578044E-01   2.5987770E-01   1.9849271E-01   2.0395208E-01  -2.0185594E-01   4.7336860E+00   1.1290890E-01   3.2842330E-01   2.8493685E-01   5.1791924E-01   9.9128010E-01   3.6131393E+00   5.0020688E-01   6.5427656E-01   6.9681380E-01   6.8069667E-01   2.7790061E-02   7.0011378E-01   3.6336491E-01   3.5558301E-01   6.9043404E-01  
 8.1356535E+04   2.2238644E+00   3.5255691E-03   5.5707280E-01   6.6512330E-02   4.6728355E-01   4.9357317E+02   7.1410016E-01   6.5246475E-01   9.4866906E+01   2.7457718E+02   9.1612333E+01   2.0578044E-01   2.5987770E-01   1.9849271E-01   2.0395208E-01  -2.0185594E-01   4.7336860E+00   1.1290890E-01   3.2842330E-01   2.8493685E-01   4.5036456E-01   8.4258809E-01   3.6131393E+00   5.0020688E-01   6.5427656E-01   6.9681380E-01   6.8069667E-01   2.7790061E-02   7.0011378E-01   3.6336491E-01   3.5558301E-01   6.9043404E-01  
 8.0543065E+04   2.2238644E+00   3.5255691E-03   5.5707280E-01   6.6512330E-02   4.6728355E-01   4.9357317E+02   7.1410016E-01   6.5246475E-01   9.4866906E+01   2.7457718E+02   9.1612333E+01   2.0578044E-01   2.5987770E-01   1.9849271E-01   2.0395208E-01  -2.0185594E-01   4.7336860E+00   1.1290890E-01   3.2842330E-01   2.8493685E-01   4.5036456E-01   9.9128010E-01   3.0711684E+00   5.0020688E-01   6.5427656E-01   6.9681380E-01   6.8069667E-01   2.7790061E-02   7.0011378E-01   3.6336491E-01   3.5558301E-01   6.9043404E-01  
 8.0543994E+04   2.2238644E+00   3.5255691E-03   5.5707280E-01   6.6512330E-02   4.6728355E-01   4.9357317E+02   7.1410016E-01   6.5246475E-01   9.4866906E+01   2.7457718E+02   9.1612333E+01   2.0578044E-01   2.5987770E-01   1.9849271E-01   2.0395208E-01  -2.0185594E-01   4.7336860E+00   1.1290890E-01   3.2842330E-01   2.8493685E-01   4.5036456E-01   9.9128010E-01   3.6131393E+00   5.7523791E-01   6.5427656E-01   6.9681380E-01   6.8069667E-01   2.7790061E-02   7.0011378E-01   3.6336491E-01   3.5558301E-01   6.9043404E-01  
 8.0546628E+04   2.2238644E+00   3.5255691E-03   5.5707280E-01   6.6512330E-02   4.6728355E-01   4.9357317E+02   7.1410016E-01   6.5246475E-01   9.4866906E+01   2.7457718E+02   9.1612333E+01   2.0578044E-01   2.5987770E-01   1.9849271E-01   2.0395208E-01  -2.0185594E-01   4.7336860E+00   1.1290890E-01   3.2842330E-01   2.8493685E-01   4.5036456E-01   9.9128010E-01   3.6131393E+00   5.0020688E-01   5.5613508E-01   6.9681380E-01   6.8069667E-01   2.7790061E-02   7.0011378E-01   3.6336491E-01   3.5558301E-01   6.9043404E-01  
 8.0540134E+04   2.2238644E+00   3.5255691E-03   5.5707280E-01   6.6512330E-02   4.6728355E-01   4.9357317E+02   7.1410016E-01   6.5246475E-01   9.4866906E+01   2.7457718E+02   9.1612333E+01   2.0578044E-01   2.5987770E-01   1.9849271E-01   2.0395208E-01  -2.0185594E-01   4.7336860E+00   1.1290890E-01   3.2842330E-01   2.8493685E-01   4.5036456E-01   9.9128010E-01   3.6131393E+00   5.0020688E-01   6.5427656E-01   5.9229173E-01   6.8069667E-01   2.7790061E-02   7.0011378E-01   3.6336491E-01   3.5558301E-01   6.9043404E-01  
 8.0528864E+04   2.2238644E+00   3.5255691E-03   5.5707280E-01   6.6512330E-02   4.6728355E-01   4.9357317E+02   7.1410016E-01   6.5246475E-01   9.4866906E+01   2.7457718E+02   9.1612333E+01   2.0578044E-01   2.5987770E-01   1.9849271E-01   2.0395208E-01  -2.0185594E-01   4.7336860E+00   1.1290890E-01   3.2842330E-01   2.8493685E-01   4.5036456E-01   9.9128010E-01   3.6131393E+00   5.0020688E-01   6.5427656E-01   6.9681380E-01   5.7859217E-01   2.7790061E-02   7.0011378E-01   3.6336491E-01   3.5558301E-01   6.9043404E-01  
 8.0602070E+04   2.2238644E+00   3.5255691E-03   5.5707280E-01   6.6512330E-02   4.6728355E-01   4.9357317E+02   7.1410016E-01   6.5246475E-01   9.4866906E+01   2.7457718E+02   9.1612333E+01   2.0578044E-01   2.5987770E-01   1.9849271E-01   2.0395208E-01  -2.0185594E-01   4.7336860E+00   1.1290890E-01   3.2842330E-01   2.8493685E-01   4.5036456E-01   9.9128010E-01   3.6131393E+00   5.0020688E-01   6.5427656E-01   6.9681380E-01   6.8069667E-01   3.1958570E-02   7.0011378E-01   3.6336491E-01   3.5558301E-01   6.9043404E-01  
 8.0556659E+04   2.2238644E+00   3.5255691E-03   5.5707280E-01   6.6512330E-02   4.6728355E-01   4.9357317E+02   7.1410016E-01   6.5246475E-01   9.4866906E+01   2.7457718E+02   9.1612333E+01   2.0578044E-01   2.5987770E-01   1.9849271E-01   2.0395208E-01  -2.0185594E-01   4.7336860E+00   1.1290890E-01   3.2842330E-01   2.8493685E-01   4.5036456E-01   9.9128010E-01   3.6131393E+00   5.0020688E-01   6.5427656E-01   6.9681380E-01   6.8069667E-01   2.7790061E-02   8.0513085E-01   3.6336491E-01   3.5558301E-01   6.9043404E-01  
 8.0539722E+04   2.2238644E+00   3.5255691E-03   5.5707280E-01   6.6512330E-02   4.6728355E-01   4.9357317E+02   7.1410016E-01   6.5246475E-01   9.4866906E+01   2.7457718E+02   9.1612333E+01   2.0578044E-01   2.5987770E-01   1.9849271E-01   2.0395208E-01  -2.0185594E-01   4.7336860E+00   1.1290890E-01   3.2842330E-01   2.8493685E-01   4.5036456E-01   9.9128010E-01   3.6131393E+00   5.0020688E-01   6.5427656E-01   6.9681380E-01   6.8069667E-01   2.7790061E-02   7.0011378E-01   3.0886018E-01   3.5558301E-01   6.9043404E-01  
 8.0543165E+04   2.2238644E+00   3.5255691E-03   5.5707280E-01   6.6512330E-02   4.6728355E-01   4.9357317E+02   7.1410016E-01   6.5246475E-01   9.4866906E+01   2.7457718E+02   9.1612333E+01   2.0578044E-01   2.5987770E-01   1.9849271E-01   2.0395208E-01  -2.0185594E-01   4.7336860E+00   1.1290890E-01   3.2842330E-01   2.8493685E-01   4.5036456E-01   9.9128010E-01   3.6131393E+00   5.0020688E-01   6.5427656E-01   6.9681380E-01   6.8069667E-01   2.7790061E-02   7.0011378E-01   3.6336491E-01   4.0892046E-01   6.9043404E-01  
 8.0543065E+04   2.2238644E+00   3.5255691E-03   5.5707280E-01   6.6512330E-02   4.6728355E-01   4.9357317E+02   7.1410016E-01   6.5246475E-01   9.4866906E+01   2.7457718E+02   9.1612333E+01   2.0578044E-01   2.5987770E-01   1.9849271E-01   2.0395208E-01  -2.0185594E-01   4.7336860E+00   1.1290890E-01   3.2842330E-01   2.8493685E-01   4.5036456E-01   9.9128010E-01   3.6131393E+00   5.0020688E-01   6.5427656E-01   6.9681380E-01   6.8069667E-01   2.7790061E-02   7.0011378E-01   3.6336491E-01   3.5558301E-01   5.8686893E-01  
 6.4935742E+04   1.3002742E+00   8.1379760E-02   4.9940091E-01   6.2335715E-02   3.6728458E-01   8.7389475E+02   5.8812854E+00   2.0264318E-01   3.1832385E+01   1.9608352E+02   5.1695013E+01   2.8595533E-01   1.3136238E-01   8.9202260E-02   4.7679051E-01  -9.0650511E-01   6.8218330E-01   1.6931169E-01   3.1187467E-01   1.3546625E-01   3.5410584E-01   1.3088989E+00   2.7734842E+00   9.5392972E-01   4.3177710E-01   3.7217511E-01   8.1075816E-01   4.7364976E-01   4.0299057E-01   9.2670460E-01   6.1864607E-01   4.9404076E-01  
 6.3455824E+04   1.1052331E+00   8.1379760E-02   4.9940091E-01   6.2335715E-02   3.6728458E-01   8.7389475E+02   5.8812854E+00   2.0264318E-01   3.1832385E+01   1.9608352E+02   5.1695013E+01   2.8595533E-01   1.3136238E-01   8.9202260E-02   4.7679051E-01  -9.0650511E-01   6.8218330E-01   1.6931169E-01   3.1187467E-01   1.3546625E-01   3.5410584E-01   1.3088989E+00   2.7734842E+00   9.5392972E-01   4.3177710E-01   3.7217511E-01   8.1075816E-01   4.7364976E-01   4.0299057E-01   9.2670460E-01   6.1864607E-01   4.9404076E-01  
 6.5083866E+04   1.3002742E+00   9.3586724E-02   4.9940091E-01   6.2335715E-02   3.6728458E-01   8.7389475E+02   5.8812854E+00   2.0264318E-01   3.1832385E+01   1.9608352E+02   5.1695013E+01   2.8595533E-01   1.3136238E-01   8.9202260E-02   4.7679051E-01  -9.0650511E-01   6.8218330E-01   1.6931169E-01   3.1187467E-01   1.3546625E-01   3.5410584E-01   1.3088989E+00   2.7734842E+00   9.5392972E-01   4.3177710E-01   3.7217511E-01   8.1075816E-01   4.7364976E-01   4.0299057E-01   9.2670460E-01   6.1864607E-01   4.9404076E-01  
 6.5867046E+04   1.3002742E+00   8.1379760E-02   4.2449077E-01   6.2335715E-02   3.6728458E-01   8.7389475E+02   5.8812854E+00   2.0264318E-01   3.1832385E+01   1.9608352E+02   5.1695013E+01   2.8595533E-01   1.3136238E-01   8.9202260E-02   4.7679051E-01  -9.0650511E-01   6.8218330E-01   1.6931169E-01   3.1187467E-01   1.3546625E-01   3.5410584E-01   1.3088989E+00   2.7734842E+00   9.5392972E-01   4.3177710E-01   3.7217511E-01   8.1075816E-01   4.7364976E-01   4.0299057E-01   9.2670460E-01   6.1864607E-01   4.9404076E-01  
 6.4916974E+04   1.3002742E+00   8.1379760E-02   4.9940091E-01   5.2985357E-02   3.6728458E-01   8.7389475E+02   5.8812854E+00   2.0264318E-01   3.1832385E+01   1.9608352E+02   5.1695013E+01   2.8595533E-01   1.3136238E-01   8.9202260E-02   4.7679051E-01  -9.0650511E-01   6.8218330E-01   1.6931169E-01   3.1187467E-01   1.3546625E-01   3.5410584E-01   1.3088989E+00   2.7734842E+00   9.5392972E-01   4.3177710E-01   3.7217511E-01   8.1075816E-01   4.7364976E-01   4.0299057E-01   9.2670460E-01   6.1864607E-01   4.9404076E-01  
 6.4935742E+04   1.3002742E+00   8.1379760E-02   4.9940091E-01   6.2335715E-02   3.1219189E-01   8.7389475E+02   5.8812854E+00   2.0264318E-01   3.1832385E+01   1.9608352E+02   5.1695013E+01   2.8595533E-01   1.3136238E-01   8.9202260E-02   4.7679051E-01  -9.0650511E-01   6.8218330E-01   1.6931169E-01   3.1187467E-01   1.3546625E-01   3.5410584E-01   1.3088989E+00   2.7734842E+00   9.5392972E-01   4.3177710E-01   3.7217511E-01   8.1075816E-01   4.7364976E-01   4.0299057E-01   9.2670460E-01   6.1864607E-01   4.9404076E-01  
 6.5165591E+04   1.3002742E+00   8.1379760E-02   4.9940091E-01   6.2335715E-02   3.6728458E-01   1.0049790E+03   5.8812854E+00   2.0264318E-01   3.1832385E+01   1.9608352E+02   5.1695013E+01   2.8595533E-01   1.3136238E-01   8.9202260E-02   4.7679051E-01  -9.0650511E-01   6.8218330E-01   1.6931169E-01   3.1187467E-01   1.3546625E-01   3.5410584E-01   1.3088989E+00   2.7734842E+00   9.5392972E-01   4.3177710E-01   3.7217511E-01   8.1075816E-01   4.7364976E-01   4.0299057E-01   9.2670460E-01   6.1864607E-01   4.9404076E-01  
 6.4935742E+04   1.3002742E+00   8.1379760E-02   4.9940091E-01   6.2335715E-02   3.6728458E-01   8.7389475E+02   6.7634782E+00   2.0264318E-01   3.1832385E+01   1.9608352E+02   5.1695013E+01   2.8595533E-01   1.3136238E-01   8.9202260E-02   4.7679051E-01  -9.0650511E-01   6.8218330E-01   1.6931169E-01   3.1187467E-01   1.3546625E-01   3.5410584E-01   1.3088989E+00   2.7734842E+00   9.5392972E-01   4.3177710E-01   3.7217511E-01   8.1075816E-01   4.7364976E-01   4.0299057E-01   9.2670460E-01   6.1864607E-01   4.9404076E-01  
 6.4935742E+04   1.3002742E+00   8.1379760E-02   4.9940091E-01   6.2335715E-02   3.6728458E-01   8.7389475E+02   5.8812854E+00   1.7224670E-01   3.1832385E+01   1.9608352E+02   5.1695013E+01   2.8595533E-01   1.3136238E-01   8.9202260E-02   4.7679051E-01  -9.0650511E-01   6.8218330E-01   1.6931169E-01   3.1187467E-01   1.3546625E-01   3.5410584E-01   1.3088989E+00   2.7734842E+00   9.5392972E-01   4.3177710E-01   3.7217511E-01   8.1075816E-01   4.7364976E-01   4.0299057E-01   9.2670460E-01   6.1864607E-01   4.9404076E-01  
 6.4935742E+04   1.3002742E+00   8.1379760E-02   4.9940091E-01   6.2335715E-02   3.6728458E-01   8.7389475E+02   5.8812854E+00   2.0264318E-01   3.6607243E+01   1.9608352E+02   5.1695013E+01   2.8595533E-01   1.3136238E-01   8.9202260E-02   4.7679051E-01  -9.0650511E-01   6.8218330E-01   1.6931169E-01   3.1187467E-01   1.3546625E-01   3.5410584E-01   1.3088989E+00   2.7734842E+00   9.5392972E-01   4.3177710E-01   3.7217511E-01   8.1075816E-01   4.7364976E-01   4.0299057E-01   9.2670460E-01   6.1864607E-01   4.9404076E-01  
 6.4935742E+04   1.3002742E+00   8.1379760E-02   4.9940091E-01   6.2335715E-02   3.6728458E-01   8.7389475E+02   5.8812854E+00   2.0264318E-01   3.1832385E+01   2.2549605E+02   5.1695013E+01   2.8595533E-01   1.3136238E-01   8.9202260E-02   4.7679051E-01  -9.0650511E-01   6.8218330E-01   1.6931169E-01   3.1187467E-01   1.3546625E-01   3.5410584E-01   1.3088989E+00   2.7734842E+00   9.5392972E-01   4.3177710E-01   3.7217511E-01   8.1075816E-01   4.7364976E-01   4.0299057E-01   9.2670460E-01   6.1864607E-01   4.9404076E-01  
 6.3602956E+04   1.3002742E+00   8.1379760E-02   4.9940091E-01   6.2335715E-02   3.6728458E-01   8.7389475E+02   5.8812854E+00   2.0264318E-01   3.1832385E+01   1.9608352E+02   4.3940761E+01   2.8595533E-01   1.3136238E-01   8.9202260E-02   4.7679051E-01  -9.0650511E-01   6.8218330E-01   1.6931169E-01   3.1187467E-01   1.3546625E-01   3.5410584E-01   1.3088989E+00   2.7734842E+00   9.5392972E-01   4.3177710E-01   3.7217511E-01   8.1075816E-01   4.7364976E-01   4.0299057E-01   9.2670460E-01   6.1864607E-01   4.9404076E-01  
 6.5618373E+04   1.3002742E+00   8.1379760E-02   4.9940091E-01   6.2335715E-02   3.6728458E-01   8.7389475E+02   5.8812854E+00   2.0264318E-01   3.1832385E+01   1.9608352E+02   5.1695013E+01   2.4306203E-01   1.3136238E-01   8.9202260E-02   4.7679051E-01  -9.0650511E-01   6.8218330E-01   1.6931169E-01   3.1187467E-01   1.3546625E-01   3.5410584E-01   1.3088989E+00   2.7734842E+00   9.5392972E-01   4.3177710E-01   3.7217511E-01   8.1075816E-01   4.7364976E-01   4.0299057E-01   9.2670460E-01   6.1864607E-01   4.9404076E-01  
 6.4752223E+04   1.3002742E+00   8.1379760E-02   4.9940091E-01   6.2335715E-02   3.6728458E-01   8.7389475E+02   5.8812854E+00   2.0264318E-01   3.1832385E+01   1.9608352E+02   5.1695013E+01   2.8595533E-01   1.5106673E-01   8.9202260E-02   4.7679051E-01  -9.0650511E-01   6.8218330E-01   1.6931169E-01   3.1187467E-01   1.3546625E-01   3.5410584E-01   1.3088989E+00   2.7734842E+00   9.5392972E-01   4.3177710E-01   3.7217511E-01   8.1075816E-01   4.7364976E-01   4.0299057E-01   9.2670460E-01   6.1864607E-01   4.9404076E-01  
 6.4865123E+04   1.3002742E+00   8.1379760E-02   4.9940091E-01   6.2335715E-02   3.6728458E-01   8.7389475E+02   5.8812854E+00   2.0264318E-01   3.1832385E+01   1.9608352E+02   5.1695013E+01   2.8595533E-01   1.3136238E-01   1.0258260E-01   4.7679051E-01  -9.0650511E-01   6.8218330E-01   1.6931169E-01   3.1187467E-01   1.3546625E-01   3.5410584E-01   1.3088989E+00   2.7734842E+00   9.5392972E-01   4.3177710E-01   3.7217511E-01   8.1075816E-01   4.7364976E-01   4.0299057E-01   9.2670460E-01   6.1864607E-01   4.9404076E-01  
 6.4448930E+04   1.3002742E+00   8.1379760E-02   4.9940091E-01   6.2335715E-02   3.6728458E-01   8.7389475E+02   5.8812854E+00   2.0264318E-01   3.1832385E+01   1.9608352E+02   5.1695013E+01   2.8595533E-01   1.3136238E-01   8.9202260E-02   5.4830909E-01  -9.0650511E-01   6.8218330E-01   1.6931169E-01   3.1187467E-01   1.3546625E-01   3.5410584E-01   1.3088989E+00   2.7734842E+00   9.5392972E-01   4.3177710E-01   3.7217511E-01   8.1075816E-01   4.7364976E-01   4.0299057E-01   9.2670460E-01   6.1864607E-01   4.9404076E-01  
 6.5009794E+04   1.3002742E+00   8.1379760E-02   4.9940091E-01   6.2335715E-02   3.6728458E-01   8.7389475E+02   5.8812854E+00   2.0264318E-01   3.1832385E+01   1.9608352E+02   5.1695013E+01   2.8595533E-01   1.3136238E-01   8.9202260E-02   4.7679051E-01  -1.0424809E+00   6.8218330E-01   1.6931169E-01   3.1187467E-01   1.3546625E-01   3.5410584E-01   1.3088989E+00   2.7734842E+00   9.5392972E-01   4.3177710E-01   3.7217511E-01   8.1075816E-01   4.7364976E-01   4.0299057E-01   9.2670460E-01   6.1864607E-01   4.9404076E-01  
 6.5018149E+04   1.3002742E+00   8.1379760E-02   4.9940091E-01   6.2335715E-02   3.6728458E-01   8.7389475E+02   5.8812854E+00   2.0264318E-01   3.1832385E+01   1.9608352E+02   5.1695013E+01   2.8595533E-01   1.3136238E-01   8.9202260E-02   4.7679051E-01  -9.0650511E-01   7.8451080E-01   1.6931169E-01   3.1187467E-01   1.3546625E-01   3.5410584E-01   1.3088989E+00   2.7734842E+00   9.5392972E-01   4.3177710E-01   3.7217511E-01   8.1075816E-01   4.7364976E-01   4.0299057E-01   9.2670460E-01   6.1864607E-01   4.9404076E-01  
 6.5109677E+04   1.3002742E+00   8.1379760E-02   4.9940091E-01   6.2335715E-02   3.6728458E-01   8.7389475E+02   5.8812854E+00   2.0264318E-01   3.1832385E+01   1.9608352E+02   5.1695013E+01   2.8595533E-01   1.3136238E-01   8.9202260E-02   4.7679051E-01  -9.0650511E-01   6.8218330E-01   1.9470844E-01   3.1187467E-01   1.3546625E-01   3.5410584E-01   1.3088989E+00   2.7734842E+00   9.5392972E-01   4.3177710E-01   3.7217511E-01   8.1075816E-01   4.7364976E-01   4.0299057E-01   9.2670460E-01   6.1864607E-01   4.9404076E-01  
 6.5149356E+04   1.3002742E+00   8.1379760E-02   4.9940091E-01   6.2335715E-02   3.6728458E-01   8.7389475E+02   5.8812854E+00   2.0264318E-01   3.1832385E+01   1.9608352E+02   5.1695013E+01   2.8595533E-01   1.3136238E-01   8.9202260E-02   4.7679051E-01  -9.0650511E-01   6.8218330E-01   1.6931169E-01   3.5865586E-01   1.3546625E-01   3.5410584E-01   1.3088989E+00   2.7734842E+00   9.5392972E-01   4.3177710E-01   3.7217511E-01   8.1075816E-01   4.7364976E-01   4.0299057E-01   9.2670460E-01   6.1864607E-01   4.9404076E-01  
 6.4962385E+04   1.3002742E+00   8.1379760E-02   4.9940091E-01   6.2335715E-02   3.6728458E-01   8.7389475E+02   5.8812854E+00   2.0264318E-01   3.1832385E+01   1.9608352E+02   5.1695013E+01   2.8595533E-01   1.3136238E-01   8.9202260E-02   4.7679051E-01  -9.0650511E-01   6.8218330E-01   1.6931169E-01   3.1187467E-01   1.5578618E-01   3.5410584E-01   1.3088989E+00   2.7734842E+00   9.5392972E-01   4.3177710E-01   3.7217511E-01   8.1075816E-01   4.7364976E-01   4.0299057E-01   9.2670460E-01   6.1864607E-01   4.9404076E-01  
 6.4848003E+04   1.3002742E+00   8.1379760E-02   4.9940091E-01   6.2335715E-02   3.6728458E-01   8.7389475E+02   5.8812854E+00   2.0264318E-01   3.1832385E+01   1.9608352E+02   5.1695013E+01   2.8595533E-01   1.3136238E-01   8.9202260E-02   4.7679051E-01  -9.0650511E-01   6.8218330E-01   1.6931169E-01   3.1187467E-01   1.3546625E-01   3.0098996E-01   1.3088989E+00   2.7734842E+00   9.5392972E-01   4.3177710E-01   3.7217511E-01   8.1075816E-01   4.7364976E-01   4.0299057E-01   9.2670460E-01   6.1864607E-01   4.9404076E-01  
 6.4851002E+04   1.3002742E+00   8.1379760E-02   4.9940091E-01   6.2335715E-02   3.6728458E-01   8.7389475E+02   5.8812854E+00   2.0264318E-01   3.1832385E+01   1.9608352E+02   5.1695013E+01   2.8595533E-01   1.3136238E-01   8.9202260E-02   4.7679051E-01  -9.0650511E-01   6.8218330E-01   1.6931169E-01   3.1187467E-01   1.3546625E-01   3.5410584E-01   1.1125640E+00   2.7734842E+00   9.5392972E-01   4.3177710E-01   3.7217511E-01   8.1075816E-01   4.7364976E-01   4.0299057E-01   9.2670460E-01   6.1864607E-01   4.9404076E-01  
 6.4935742E+04   1.3002742E+00   8.1379760E-02   4.9940091E-01   6.2335715E-02   3.6728458E-01   8.7389475E+02   5.8812854E+00   2.0264318E-01   3.1832385E+01   1.9608352E+02   5.1695013E+01   2.8595533E-01   1.3136238E-01   8.9202260E-02   4.7679051E-01  -9.0650511E-01   6.8218330E-01   1.6931169E-01   3.1187467E-01   1.3546625E-01   3.5410584E-01   1.3088989E+00   2.3574616E+00   9.5392972E-01   4.3177710E-01   3.7217511E-01   8.1075816E-01   4.7364976E-01   4.0299057E-01   9.2670460E-01   6.1864607E-01   4.9404076E-01  
 6.4924896E+04   1.3002742E+00   8.1379760E-02   4.9940091E-01   6.2335715E-02   3.6728458E-01   8.7389475E+02   5.8812854E+00   2.0264318E-01   3.1832385E+01   1.9608352E+02   5.1695013E+01   2.8595533E-01   1.3136238E-01   8.9202260E-02   4.7679051E-01  -9.0650511E-01   6.8218330E-01   1.6931169E-01   3.1187467E-01   1.3546625E-01   3.5410584E-01   1.3088989E+00   2.7734842E+00   8.1084026E-01   4.3177710E-01   3.7217511E-01   8.1075816E-01   4.7364976E-01   4.0299057E-01   9.2670460E-01   6.1864607E-01   4.9404076E-01  
 6.4953614E+04   1.3002742E+00   8.1379760E-02   4.9940091E-01   6.2335715E-02   3.6728458E-01   8.7389475E+02   5.8812854E+00   2.0264318E-01   3.1832385E+01   1.9608352E+02   5.1695013E+01   2.8595533E-01   1.3136238E-01   8.9202260E-02   4.7679051E-01  -9.0650511E-01   6.8218330E-01   1.6931169E-01   3.1187467E-01   1.3546625E-01   3.5410584E-01   1.3088989E+00   2.7734842E+00   9.5392972E-01   4.9654366E-01   3.7217511E-01   8.1075816E-01   4.7364976E-01   4.0299057E-01   9.2670460E-01   6.1864607E-01   4.9404076E-01  
 6.4965641E+04   1.3002742E+00   8.1379760E-02   4.9940091E-01   6.2335715E-02   3.6728458E-01   8.7389475E+02   5.8812854E+00   2.0264318E-01   3.1832385E+01   1.9608352E+02   5.1695013E+01   2.8595533E-01   1.3136238E-01   8.9202260E-02   4.7679051E-01  -9.0650511E-01   6.8218330E-01   1.6931169E-01   3.1187467E-01   1.3546625E-01   3.5410584E-01   1.3088989E+00   2.7734842E+00   9.5392972E-01   4.3177710E-01   3.1634885E-01   8.1075816E-01   4.7364976E-01   4.0299057E-01   9.2670460E-01   6.1864607E-01   4.9404076E-01  
 6.4924171E+04   1.3002742E+00   8.1379760E-02   4.9940091E-01   6.2335715E-02   3.6728458E-01   8.7389475E+02   5.8812854E+00   2.0264318E-01   3.1832385E+01   1.9608352E+02   5.1695013E+01   2.8595533E-01   1.3136238E-01   8.9202260E-02   4.7679051E-01  -9.0650511E-01   6.8218330E-01   1.6931169E-01   3.1187467E-01   1.3546625E-01   3.5410584E-01   1.3088989E+00   2.7734842E+00   9.5392972E-01   4.3177710E-01   3.7217511E-01   6.8914443E-01   4.7364976E-01   4.0299057E-01   9.2670460E-01   6.1864607E-01   4.9404076E-01  
 6.4930504E+04   1.3002742E+00   8.1379760E-02   4.9940091E-01   6.2335715E-02   3.6728458E-01   8.7389475E+02   5.8812854E+00   2.0264318E-01   3.1832385E+01   1.9608352E+02   5.1695013E+01   2.8595533E-01   1.3136238E-01   8.9202260E-02   4.7679051E-01  -9.0650511E-01   6.8218330E-01   1.6931169E-01   3.1187467E-01   1.3546625E-01   3.5410584E-01   1.3088989E+00   2.7734842E+00   9.5392972E-01   4.3177710E-01   3.7217511E-01   8.1075816E-01   4.0260230E-01   4.0299057E-01   9.2670460E-01   6.1864607E-01   4.9404076E-01  
 6.4936721E+04   1.3002742E+00   8.1379760E-02   4.9940091E-01   6.2335715E-02   3.6728458E-01   8.7389475E+02   5.8812854E+00   2.0264318E-01   3.1832385E+01   1.9608352E+02   5.1695013E+01   2.8595533E-01   1.3136238E-01   8.9202260E-02   4.7679051E-01  -9.0650511E-01   6.8218330E-01   1.6931169E-01   3.1187467E-01   1.3546625E-01   3.5410584E-01   1.3088989E+00   2.7734842E+00   9.5392972E-01   4.3177710E-01   3.7217511E-01   8.1075816E-01   4.7364976E-01   4.6343916E-01   9.2670460E-01   6.1864607E-01   4.9404076E-01  
 6.4935736E+04   1.3002742E+00   8.1379760E-02   4.9940091E-01   6.2335715E-02   3.6728458E-01   8.7389475E+02   5.8812854E+00   2.0264318E-01   3.1832385E+01   1.9608352E+02   5.1695013E+01   2.8595533E-01   1.3136238E-01   8.9202260E-02   4.7679051E-01  -9.0650511E-01   6.8218330E-01   1.6931169E-01   3.1187467E-01   1.3546625E-01   3.5410584E-01   1.3088989E+00   2.7734842E+00   9.5392972E-01   4.3177710E-01   3.7217511E-01   8.1075816E-01   4.7364976E-01   4.0299057E-01   7.8769891E-01   6.1864607E-01   4.9404076E-01  
 6.4935742E+04   1.3002742E+00   8.1379760E-02   4.9940091E-01   6.2335715E-02   3.6728458E-01   8.7389475E+02   5.8812854E+00   2.0264318E-01   3.1832385E+01   1.9608352E+02   5.1695013E+01   2.8595533E-01   1.3136238E-01   8.9202260E-02   4.7679051E-01  -9.0650511E-01   6.8218330E-01   1.6931169E-01   3.1187467E-01   1.3546625E-01   3.5410584E-01   1.3088989E+00   2.7734842E+00   9.5392972E-01   4.3177710E-01   3.7217511E-01   8.1075816E-01   4.7364976E-01   4.0299057E-01   9.2670460E-01   7.1144298E-01   4.9404076E-01  
 6.4935742E+04   1.3002742E+00   8.1379760E-02   4.9940091E-01   6.2335715E-02   3.6728458E-01   8.7389475E+02   5.8812854E+00   2.0264318E-01   3.1832385E+01   1.9608352E+02   5.1695013E+01   2.8595533E-01   1.3136238E-01   8.9202260E-02   4.7679051E-01  -9.0650511E-01   6.8218330E-01   1.6931169E-01   3.1187467E-01   1.3546625E-01   3.5410584E-01   1.3088989E+00   2.7734842E+00   9.5392972E-01   4.3177710E-01   3.7217511E-01   8.1075816E-01   4.7364976E-01   4.0299057E-01   9.2670460E-01   6.1864607E-01   5.6814687E-01  
