Inf 
0.410365690573664 
Inf 
Inf 
Inf 
Inf 
Inf 
Inf 
Inf 
Inf 
Inf 
Inf 
Inf 
Inf 
Inf 
Inf 
Inf 
Inf 
Inf 
Inf 
Inf 
Inf 
Inf 
Inf 
Inf 
Inf 
Inf 
Inf 
Inf 
Inf 
Inf 
Inf 
Inf 
0.275862284482674 
0.339411254969543 
0.275862284482674 
0.311126983722081 
0.29 
0.275862284482674 
0.275862284482674 
0.275862284482674 
0.275862284482674 
0.275862284482674 
0.275862284482674 
0.282842712474619 
0.275862284482674 
0.275862284482674 
0.275862284482674 
0.275862284482674 
0.275862284482674 
0.275862284482674 
0.275862284482674 
0.275862284482674 
0.275862284482674 
0.275862284482674 
0.275862284482674 
0.275862284482674 
0.275862284482674 
0.275862284482674 
0.275862284482674 
0.282842712474619 
0.275862284482674 
0.275862284482674 
0.275862284482674 
0.275862284482674 
0.275862284482674 
0.403112887414928 
0.353553390593274 
0.403112887414928 
0.424264068711929 
0.417252920900501 
0.403112887414928 
0.403112887414928 
0.403112887414928 
0.403112887414928 
0.403112887414928 
0.403112887414928 
0.403112887414928 
0.403112887414928 
0.403112887414928 
0.403112887414928 
0.403112887414928 
0.403112887414928 
0.403112887414928 
0.403112887414928 
0.403112887414928 
0.403112887414928 
0.403112887414928 
0.395979797464467 
0.403112887414928 
0.403112887414928 
0.403112887414928 
0.403112887414928 
0.403112887414928 
0.403112887414928 
0.403112887414928 
0.403112887414928 
0.403112887414928 
0.403112887414928 
0.381837661840736 
0.410121933088198 
0.381837661840736 
0.367695526217005 
0.395979797464467 
0.381837661840736 
0.381837661840736 
0.381837661840736 
0.381837661840736 
0.381837661840736 
0.381837661840736 
0.381837661840736 
0.381837661840736 
0.381837661840736 
0.381837661840736 
0.381837661840736 
0.381837661840736 
0.381837661840736 
0.381837661840736 
0.381837661840736 
0.381837661840736 
0.381837661840736 
0.381837661840736 
0.381837661840736 
0.381837661840736 
0.381837661840736 
0.381837661840736 
0.381837661840736 
0.381837661840736 
0.381837661840736 
0.381837661840736 
0.381837661840736 
0.381837661840736 
0.240416305603426 
0.0860232526704263 
0.240416305603426 
0.282842712474619 
0.247588368062799 
0.240416305603426 
0.240416305603426 
0.240416305603426 
0.240416305603426 
0.240416305603426 
0.240416305603426 
0.240416305603426 
0.240416305603426 
0.240416305603426 
0.240416305603426 
0.240416305603426 
0.240416305603426 
0.240416305603426 
0.240416305603426 
0.240416305603426 
0.240416305603426 
0.240416305603426 
0.247588368062799 
0.240416305603426 
0.240416305603426 
0.240416305603426 
0.240416305603426 
0.240416305603426 
0.240416305603426 
0.240416305603426 
0.240416305603426 
0.240416305603426 
0.240416305603426 
