Inf 
69545.5807000768 
Inf 
Inf 
Inf 
Inf 
Inf 
Inf 
Inf 
Inf 
Inf 
Inf 
Inf 
Inf 
Inf 
Inf 
Inf 
Inf 
Inf 
Inf 
Inf 
Inf 
Inf 
Inf 
Inf 
Inf 
Inf 
Inf 
Inf 
Inf 
Inf 
Inf 
Inf 
66581.8895718723 
70391.2377794069 
66793.1381946117 
67525.4268836266 
66540.8094382973 
66581.8895718723 
66611.4583133961 
66581.8895718723 
66581.8895718723 
66581.8895718723 
66581.8895718723 
65393.7443179101 
66458.459772011 
67572.9832635869 
66726.7002178146 
65747.7142427948 
66523.0384732177 
66251.8967093177 
66495.1071063142 
66681.2102273504 
66579.1199038557 
66575.567338396 
66136.2983645222 
66581.8895718723 
66591.6367709046 
66570.8731347945 
66527.9374493235 
66618.2769645215 
66588.8152505396 
66582.0630135211 
66581.8895718723 
66581.8895718723 
66581.8895718723 
69831.5552335798 
68271.532910503 
69903.5241056086 
70660.8168025321 
69794.9630686699 
69831.5552335798 
167488.655150582 
69831.5552335798 
69831.5552335798 
69831.5552335798 
69831.5552335798 
67817.2437071612 
69962.8733310618 
71114.7122324896 
69896.9987555904 
70154.739571426 
70185.7206627979 
69694.8875569923 
69886.1279494937 
69933.8792241908 
69831.4959672346 
69850.5747056343 
69814.0706537772 
69831.5552335798 
69826.3130883523 
69904.3809802354 
69880.9615095571 
69861.8641863113 
69846.9208768361 
69827.5019608535 
69831.5293053403 
69831.5552335798 
69831.5552335798 
80543.0650209706 
81875.780452687 
80398.4878521244 
80278.8120117762 
80874.8914814246 
80543.0650209706 
80498.2937537306 
80543.0650209706 
80543.0650209706 
80543.0650209706 
80543.0650209706 
81960.0034164927 
80287.1496332931 
80098.3161355862 
79973.3580916814 
80764.0385342555 
80717.9584595144 
80752.0687410768 
80740.6558360056 
80563.7540944983 
80749.8886935815 
80564.8840480578 
81356.5345952131 
80543.0650209706 
80543.9938433674 
80546.6279451493 
80540.1341396592 
80528.8640431485 
80602.0698621214 
80556.6589584089 
80539.7215519671 
80543.1648773519 
80543.0650209706 
64935.7419868365 
63455.8244939344 
65083.8657599124 
65867.0463484526 
64916.9740159767 
64935.7419868365 
65165.5913421884 
64935.7419868365 
64935.7419868365 
64935.7419868365 
64935.7419868365 
63602.9561927895 
65618.3725243098 
64752.2234948291 
64865.1228848385 
64448.9299765295 
65009.7943836427 
65018.1491837195 
65109.677490698 
65149.3556490838 
64962.3848741031 
64848.0026740246 
64851.0019839686 
64935.7419868365 
64924.8957690369 
64953.6136873254 
64965.6407711369 
64924.1712839124 
64930.5035330683 
64936.7211774902 
64935.7358582306 
64935.7419868365 
64935.7419868365 
